    1
    2
    3
    4
    5
    6
    7
    8
    9
   10
   11
   12
   13
   14
   15
   16
   17
   18
   19
   20
   21
   22
   23
   24
   25
   26
   27
   28
   29
   30
   31
   32
   33
   34
   35
   36
   37
   38
   39
   40
   41
   42
   43
   44
   45
   46
   47
   48
   49
   50
   51
   52
   53
   54
   55
   56
   57
   58
   59
   60
   61
   62
   63
   64
   65
   66
   67
   68
   69
   70
   71
   72
   73
   74
   75
   76
   77
   78
   79
   80
   81
   82
   83
   84
   85
   86
   87
   88
   89
   90
   91
   92
   93
   94
   95
   96
   97
   98
   99
  100
  101
    3
    5
    7
    8
    9
   12
   16
   18
   20
   22
   24
   25
   28
   29
   31
   33
   33
   36
   39
   42
   43
   46
   47
   49
   50
   52
   52
   55
   57
   58
   62
   64
   66
   68
   70
   72
   74
   75
   77
   79
   81
   83
   85
   87
   89
   91
   92
   94
   96
   98
  152
  153
    3
    5
    6
    8
    8
   11
   11
   14
   14
   14
   17
   20
   20
   23
   28
   28
   30
   30
   33
   38
   40
   40
   42
   42
   46
   47
   51
   51
   51
   55
   57
   59
   60
   62
   64
   67
   67
   71
   73
   75
   77
   78
   81
   81
   84
   84
   86
   88
   90
   92
   94
   97
   98
  207
  208
  208
    6
    8
   11
   11
   11
   14
   14
   17
   20
   23
   23
   28
   28
   28
   28
   28
   33
   33
   36
   40
   40
   42
   42
   42
   46
   51
   57
   57
   60
   60
   64
   67
   70
   71
   73
   73
   77
   78
   81
   84
   86
   86
   86
   86
   90
   92
   94
   97
   97
  260
  260
  261
  261
  261
    6
   11
   11
   11
   14
   14
   14
   20
   20
   20
   28
   28
   28
   33
   33
   33
   33
   33
   40
   42
   42
   46
   46
   51
   52
   52
   57
   60
   67
   67
   70
   73
   73
   78
   78
   81
   81
   86
   86
   86
   86
   92
   92
   94
  367
  367
  311
  311
  312
  368
  368
  368
  368
   11
   11
   14
   14
   14
   14
   20
   20
   23
   28
   28
   28
   28
   33
   33
   33
   33
   40
   42
   42
   51
   51
   52
   52
   52
   55
   60
   60
   60
   60
   67
   67
   67
   70
   73
   73
   78
   78
   78
   81
   86
   86
   86
   86
   86
   92
   94
  367
  367
  367
  367
  368
  368
  368
  368
   11
   11
   14
   14
   14
   14
   20
   20
   20
   28
   28
   28
   33
   33
   33
   33
   42
   42
   42
   42
   51
   52
   52
   55
   55
   60
   60
   60
   67
   67
   67
   67
   73
   73
   73
   78
   78
   81
   81
   86
   86
   86
   86
   86
   94
  464
  464
  420
  420
  421
  368
  368
   11
   14
   14
   14
   20
   20
   28
   28
   28
   33
   33
   42
   42
   42
   42
   42
   42
   52
   52
   55
   55
   55
   60
   60
   60
   67
   67
   67
   67
   67
   73
   73
   78
   81
   86
   86
   86
  464
  464
  464
  464
  465
  465
  368
  368
  574
   14
   14
   14
   14
   14
   14
   20
   28
   28
   28
   28
   28
   33
   33
   33
   33
   33
   33
   33
   42
   42
   42
   42
   42
   52
   52
   55
   55
   60
   60
   67
   67
   67
   67
   67
   73
   73
   73
   78
   78
   78
   78
   86
   86
   86
   86
   86
  464
  464
  464
  521
  521
  522
  574
  574
  574
  574
   14
   14
   14
   14
   14
   28
   28
   28
   28
   33
   33
   33
   33
   33
   42
   42
   42
   42
   42
   42
   42
   52
   52
   52
   52
   52
   55
   60
   60
   60
   67
   67
   73
   73
   73
   78
   78
   78
   78
   86
   86
  773
  773
  464
  573
  573
  573
  574
  574
  574
  574
  574
  574
   14
   14
   14
   14
   14
   14
   28
   28
   28
   28
   33
   33
   33
   33
   33
   42
   42
   42
   42
   42
   42
   52
   52
   55
   60
   60
   60
   67
   67
   67
   67
   67
   73
   73
   78
   78
   86
   86
   86
  773
  773
  773
  773
  675
  625
  625
  626
  626
  574
  574
  574
  774
   14
   14
   14
   14
   14
   28
   28
   28
   28
   33
   33
   33
   33
   42
   42
   42
   42
   42
   42
   52
   52
   52
   55
   60
   60
   60
   60
   67
   67
   67
   73
   73
   78
   78
   78
   86
   86
  773
  773
  773
  773
  773
  675
  675
  676
  676
  574
  774
  774
  774
   14
   14
   28
   28
   28
   28
   33
   33
   33
   33
   42
   42
   42
   42
   42
   42
   42
   52
   52
   52
   60
   60
   67
   67
   67
   67
   73
   73
   73
   78
   78
   78
   78
   86
   86
  773
  773
  773
  773
  773
  723
  723
  724
  774
  774
  774
  774
  774
   14
   14
   14
   14
   28
 1581
   28
   28
   33
   33
   33
   42
   42
   42
   42
   42
   42
   52
   52
   55
   60
   67
   67
   67
   67
   73
   73
   73
   73
   78
   78
   78
   78
   86
   86
   86
   86
  773
  773
  773
  773
  773
  773
  773
  774
  774
  774
  774
  774
  774
  774
   14
   28
 1581
 1581
 1581
 1581
   33
   33
   33
   33
   33
   42
   42
   42
   42
   42
   42
   52
   52
   52
   52
   60
   60
   67
   67
   73
   73
   73
   73
   78
   78
   78
   86
   86
  773
  773
  773
  929
  929
  773
  773
  822
  823
  774
  774
  774
  774
  774
  774
  774
  774
   14
   14
 1581
 1581
 1581
 1581
 1581
 1581
 1581
   33
   33
   33
 1591
 1591
 1591
   42
   42
   42
   42
 1604
 1604
 1608
 1616
 1616
 1619
   67
 1619
   67
   67
   73
   73
 1631
 1631
   78
 1645
 1645
  773
  929
  929
  929
  929
  929
  874
  875
  875
  774
  774
  774
  774
  774
 1568
 1568
 1581
 1581
 1581
 1581
 1581
 1581
 1581
 1591
 1591
 1591
 1591
 1591
   42
   42
 1604
 1604
 1604
 1608
 1616
 1616
 1616
 1616
 1619
 1619
 1619
 1619
 1619
 1619
 1631
 1631
 1631
 1631
 1631
 1645
 1645
 1645
  929
  929
  929
  929
  929
  929
  929
  929
  929
  929
  930
  930
 1093
 1093
 1093
 1093
 1093
 1093
 1568
 1568
 1581
 1581
 1581
 1581
 1581
 1581
 1581
 1591
 1591
 1591
 1591
 1591
 1591
 1597
 1599
 1599
 1604
 1604
 1604
 1604
 1608
 1608
 1616
 1616
 1616
 1619
 1619
 1619
 1619
 1631
 1631
 1631
 1631
 1645
 1645
 1645
 1645
  929
  929
  929
  929
  929
  983
  983
  984
  984
 1093
 1093
 1093
 1568
 1568
 1568
 1581
 1581
 1581
 1581
 1581
 1581
 1581
 1581
 1591
 1591
 1591
 1591
 1591
 1591
 1597
 1599
 1604
 1604
 1604
 1604
 1608
 1608
 1616
 1616
 1616
 1616
 1619
 1619
 1619
 1619
 1619
 1631
 1631
 1631
 1631
 1631
 1631
 1645
 1645
  929
  929
  929
  929
  929
 1141
 1038
 1038
 1039
 1093
 1093
 1093
 1093
 1093
 1093
 1568
 1568
 1568
 1581
 1581
 1581
 1581
 1591
 1591
 1591
 1591
 1591
 1591
 1597
 1597
 1599
 1599
 1604
 1604
 1604
 1608
 1608
 1616
 1616
 1616
 1616
 1616
 1619
 1619
 1619
 1619
 1619
 1631
 1631
 1631
 1631
 1631
 1631
 1645
 1645
 1645
 1645
  929
  929
  929
 1141
 1092
 1093
 1093
 1093
 1093
 1568
 1568
 1568
 1568
 1568
 1581
 1581
 1581
 1581
 1581
 1581
 1591
 1591
 1591
 1591
 1597
 1597
 1597
 1599
 1604
 1604
 1604
 1608
 1608
 1616
 1616
 1616
 1616
 1616
 1619
 1619
 1619
 1631
 1631
 1631
 1631
 1645
 1645
 1645
 1645
 1645
 1296
 1141
 1141
 1141
 1142
 1142
 1093
 1093
 1093
 1568
 1568
 1568
 1576
 1581
 1581
 1581
 1581
 1581
 1581
 1581
 1587
 1591
 1591
 1591
 1597
 1597
 1597
 1599
 1599
 1604
 1604
 1608
 1608
 1616
 1616
 1616
 1619
 1619
 1619
 1631
 1631
 1631
 1631
 1631
 1631
 1638
 1645
 1645
 1645
 1645
 1296
 1296
 1296
 1141
 1193
 1193
 1194
 1194
 1297
 1297
 1568
 1568
 1568
 1568
 1576
 1581
 1581
 1581
 1587
 1587
 1591
 1591
 1591
 1597
 1597
 1599
 1599
 1599
 1604
 1604
 1604
 1604
 1608
 1616
 1616
 1616
 1616
 1619
 1619
 1619
 1619
 1631
 1631
 1631
 1638
 1638
 1638
 1645
 1645
 1645
 1645
 1647
 1296
 1296
 1296
 1296
 1244
 1245
 1245
 1297
 1297
 1297
 1568
 1568
 1568
 1568
 1572
 1576
 1576
 1578
 1581
 1581
 1581
 1587
 1587
 1591
 1591
 1591
 1597
 1597
 1599
 1599
 1604
 1604
 1604
 1608
 1608
 1616
 1616
 1616
 1619
 1619
 1619
 1631
 1631
 1631
 1631
 1638
 1638
 1645
 1645
 1645
 1645
 1647
 1647
 1296
 1296
 1296
 1296
 1297
 1297
 1297
 1297
 1563
 1568
 1568
 1568
 1572
 1576
 1576
 1578
 1581
 1581
 1581
 1581
 1587
 1587
 1591
 1591
 1591
 1591
 1597
 1597
 1599
 1599
 1604
 1604
 1604
 1608
 1608
 1616
 1616
 1616
 1619
 1619
 1625
 1625
 1625
 1631
 1631
 1631
 1638
 1640
 1645
 1645
 1645
 1645
 1647
 1647
 1296
 1296
 1350
 1350
 1351
 1351
 1297
 1566
 1568
 1568
 1568
 1568
 1572
 1576
 1578
 1581
 1581
 1583
 1587
 1587
 1587
 1587
 1593
 1597
 1597
 1599
 1602
 1604
 1608
 1613
 1616
 1616
 1619
 1619
 1619
 1619
 1624
 1625
 1625
 1629
 1631
 1631
 1631
 1635
 1638
 1638
 1640
 1645
 1645
 1645
 1647
 1652
 1402
 1402
 1402
 1402
 1403
 1403
 1403
 1563
 1566
 1568
 1568
 1570
 1572
 1576
 1576
 1578
 1581
 1581
 1581
 1583
 1587
 1589
 1593
 1597
 1597
 1599
 1602
 1604
 1607
 1608
 1608
 1613
 1616
 1616
 1619
 1621
 1624
 1625
 1629
 1631
 1631
 1635
 1635
 1638
 1640
 1645
 1645
 1647
 1652
 1449
 1449
 1450
 1450
 1562
 1563
 1563
 1566
 1568
 1570
 1572
 1576
 1578
 1581
 1582
 1583
 1587
 1587
 1589
 1591
 1593
 1593
 1597
 1599
 1599
 1601
 1604
 1604
 1607
 1611
 1613
 1616
 1618
 1619
 1621
 1624
 1624
 1625
 1629
 1631
 1633
 1635
 1638
 1638
 1640
 1642
 1645
 1647
 1650
 1652
 1653
 1654
 1501
 1501
 1502
 1560
 1562
 1564
 1566
 1567
 1569
 1571
 1573
 1575
 1576
 1577
 1578
 1581
 1582
 1584
 1588
 1590
 1591
 1593
 1594
 1596
 1598
 1600
 1602
 1604
 1606
 1607
 1608
 1611
 1612
 1614
 1616
 1618
 1619
 1619
 1622
 1624
 1626
 1628
 1630
 1631
 1635
 1636
 1638
 1638
 1641
 1642
 1645
 1646
 1647
 1649
 1651
 1653
 1655
 1557
 1558
 1559
 1560
 1561
 1562
 1563
 1564
 1565
 1566
 1567
 1568
 1569
 1570
 1571
 1572
 1573
 1574
 1575
 1576
 1577
 1578
 1579
 1580
 1581
 1582
 1583
 1584
 1585
 1586
 1587
 1588
 1589
 1590
 1591
 1592
 1593
 1594
 1595
 1596
 1597
 1598
 1599
 1600
 1601
 1602
 1603
 1604
 1605
 1606
 1607
 1608
 1609
 1610
 1611
 1612
 1613
 1614
 1615
 1616
 1617
 1618
 1619
 1620
 1621
 1622
 1623
 1624
 1625
 1626
 1627
 1628
 1629
 1630
 1631
 1632
 1633
 1634
 1635
 1636
 1637
 1638
 1639
 1640
 1641
 1642
 1643
 1644
 1645
 1646
 1647
 1648
 1649
 1650
 1651
 1652
 1653
 1654
 1655
 1656
 1657
    6
   10
   12
   14
   16
   22
   23
   26
   35
   37
   39
   41
   56
   67
   68
   69
   74
   75
   82
   83
   88
  153
    8
   14
   17
   25
   28
   30
   39
   51
   51
   52
   64
   65
   67
   70
   70
   85
   86
   86
   90
   92
   95
  208
    5
   11
   14
   17
   20
   23
   28
   28
   33
   36
   51
   52
   55
   60
   60
   64
   64
   67
   73
   73
   78
   84
   86
  261
   11
   14
   14
   30
   33
   33
   40
   42
   42
   46
   52
   55
   64
   67
   70
   78
   78
   81
   86
   86
   90
   94
  312
   14
   14
   23
   28
   28
   42
   51
   52
   55
   55
   67
   73
   73
   78
   86
   92
  464
  367
   11
   14
   14
   20
   28
   28
   28
   33
   33
   33
   42
   42
   42
   51
   51
   51
   55
   67
   67
   67
   73
   73
   78
   86
   86
  368
   14
   14
   28
   33
   33
   33
   42
   42
   51
   52
   52
   67
   67
   78
   78
   86
   86
  464
  464
  465
   14
   28
   33
   33
   33
   52
   73
   78
   78
   78
   86
   86
  464
  574
  574
  574
   14
   14
   28
   28
   33
   33
   42
   42
   52
   52
   52
   55
   60
   60
   67
   73
   73
   73
   78
   86
   86
   86
   86
   86
  573
  574
   14
   14
   28
   33
   33
   33
   42
   42
   52
   52
   55
   60
   60
   67
   67
   73
   73
   78
   78
   86
   86
   86
  773
  773
  773
  675
  774
  774
   14
   28
   28
   33
   42
   42
   52
   52
   52
   60
   67
   86
   86
   86
  675
  626
  574
  774
  774
   14
   14
   14
   33
   33
   42
   42
   42
   52
   52
   60
   73
   78
   86
   86
   86
  773
  773
  773
  724
  774
   14
   14
   14
   28
 1581
   33
   33
   42
   52
   60
   60
   73
   73
   73
   78
   78
  773
  774
  774
  774
  774
   14
   33
   33
   42
   42
   42
   52
   52
   52
   60
   60
   60
   67
   67
   73
   73
 1631
   78
  773
  773
  773
  773
  822
  774
  774
   14
 1581
 1581
 1581
 1581
 1581
   33
 1591
   42
 1604
 1608
   52
 1619
   67
 1619
   67
   78
  929
  929
  929
  929
  929
  874
 1093
 1093
 1581
 1581
 1581
   33
 1591
 1591
 1591
 1591
 1597
   42
 1604
 1608
 1616
 1619
 1619
 1631
 1631
 1631
 1645
  929
 1093
  774
 1568
 1581
 1581
 1581
 1581
 1581
 1581
 1581
 1591
 1591
 1604
 1604
 1604
 1616
 1619
 1631
 1631
 1631
 1631
 1631
 1631
  929
  983
 1093
 1093
 1568
 1568
 1581
 1591
 1591
 1591
 1591
 1591
 1597
 1604
 1608
 1616
 1619
 1619
 1631
 1631
 1645
 1093
 1093
 1568
 1568
 1568
 1581
 1591
 1591
 1591
 1591
 1591
 1604
 1608
 1616
 1619
 1619
 1631
 1631
 1645
 1645
 1645
  929
  929
  929
 1568
 1581
 1581
 1591
 1591
 1591
 1591
 1597
 1597
 1604
 1616
 1616
 1619
 1631
 1631
 1631
 1645
 1645
 1645
 1296
 1093
 1093
 1568
 1568
 1568
 1581
 1581
 1587
 1599
 1608
 1608
 1608
 1616
 1616
 1619
 1619
 1631
 1638
 1645
 1645
 1296
 1193
 1194
 1568
 1568
 1568
 1576
 1578
 1581
 1591
 1591
 1599
 1616
 1616
 1619
 1619
 1625
 1625
 1631
 1631
 1631
 1645
 1645
 1645
 1647
 1647
 1141
 1297
 1568
 1572
 1576
 1578
 1581
 1581
 1591
 1599
 1599
 1604
 1604
 1608
 1616
 1616
 1619
 1619
 1625
 1631
 1631
 1645
 1645
 1296
 1296
 1297
 1568
 1568
 1572
 1576
 1578
 1583
 1587
 1591
 1604
 1616
 1619
 1619
 1619
 1638
 1296
 1403
 1297
 1568
 1568
 1587
 1589
 1593
 1599
 1608
 1619
 1621
 1625
 1631
 1638
 1640
 1645
 1647
 1650
 1296
 1402
 1402
 1581
 1587
 1602
 1604
 1616
 1616
 1619
 1619
 1625
 1625
 1638
 1638
 1645
 1647
 1647
 1653
 1654
 1560
 1562
 1566
 1572
 1573
 1576
 1583
 1589
 1591
 1593
 1597
 1597
 1599
 1602
 1607
 1608
 1612
 1619
 1625
 1633
 1638
 1640
 1645
 1650
 1653
 1561
 1563
 1570
 1579
 1588
 1592
 1596
 1602
 1607
 1620
 1623
 1627
 1633
 1636
 1637
 1639
 1642
 1655
   12
   16
   34
   45
   58
  153
   11
   17
   21
   23
   36
   40
   55
   59
   60
   67
   67
   69
   71
   73
   84
   86
  207
   17
   55
   70
   73
   73
   78
   92
   11
   14
   23
   42
   51
   57
   92
  311
  368
   14
   33
   40
   51
   55
   81
   94
  368
   14
   20
   28
   33
   42
   42
   51
   78
   81
  368
   11
   42
   52
   60
   67
   78
   81
   86
   14
   28
   42
   60
   78
  522
   14
   33
   33
   67
   78
   86
  773
  574
  574
  574
   33
   33
   60
   67
   78
   86
  626
   33
   42
   42
   42
   78
  773
  675
   28
   42
   42
   78
  773
   14
   33
   52
   52
   78
  773
  774
   42
   42
   52
   60
   67
   86
  773
  773
  773
  774
  774
 1581
 1591
   42
 1604
 1616
 1616
   73
   73
   78
 1645
 1645
  773
  929
  929
 1581
 1581
 1591
 1604
 1631
 1645
  929
  929
  930
 1581
 1581
 1616
 1631
  984
 1093
 1581
 1591
 1597
 1604
 1619
 1631
  929
 1038
 1581
 1581
 1591
 1591
 1604
 1608
 1616
 1619
 1631
 1093
 1576
 1581
 1587
 1591
 1599
 1599
 1608
 1616
 1631
 1631
 1645
 1142
 1093
 1568
 1576
 1591
 1604
 1616
 1645
 1093
 1581
 1581
 1591
 1638
 1296
 1568
 1591
 1608
 1608
 1616
 1631
 1597
 1599
 1608
 1625
 1351
 1568
 1568
 1572
 1581
 1583
 1591
 1608
 1631
 1645
 1647
 1403
 1297
 1597
 1607
 1612
 1616
 1629
 1645
 1650
 1449
 1563
 1566
 1572
 1583
 1595
 1599
 1601
 1601
 1608
 1613
 1613
 1619
 1629
 1647
 1647
 1647
 1652
 1654
 1580
 1586
 1599
 1606
 1611
 1632
 1644
 1652
   19
   32
   42
   53
   65
   71
   90
   94
   94
   42
   51
   51
   67
  420
  368
   14
   42
   14
   42
   60
  676
  676
 1581
   33
  929
   33
  929
 1568
 1604
 1619
 1635
 1561
 1572
 1583
 1589
 1593
 1603
 1605
 1613
 1621
 1633
 1640
    9
   14
   40
   42
   49
   57
   17
   19
   33
   36
   37
   51
   59
   73
   82
   90
  208
    6
   42
   67
  420
  368
  465
   14
  574
   33
   86
   86
   67
   33
  676
   28
   42
   73
   42
  875
  929
  929
 1591
 1645
  984
 1581
 1604
  929
 1093
 1599
 1142
 1581
 1193
 1194
 1351
 1566
 1635
 1450
 1563
 1579
 1595
 1613
 1629
 1640
 1653
 1581
 1642
 1655
   17
   64
   84
   52
 1604
   11
   37
   38
   42
   71
   84
  207
   14
   81
   67
  574
  574
   14
  773
   28
  773
  929
  929
  930
 1568
 1608
 1038
 1619
 1591
 1593
 1602
 1631
 1568
 1608
 1597
 1449
 1566
 1587
 1599
 1605
 1608
  676
 1572
 1634
    6
    9
   42
   42
   48
   55
   57
   67
  823
 1591
 1568
 1193
 1581
 1599
 1568
 1587
 1595
 1608
 1613
 1600
 1645
 1651
 1244
 1608
   17
   35
   59
   52
  875
 1039
  420
   54
   44
   49
   38
   51
   57
   73
   81
  823
 1645
 1296
 1581
 1645
 1645
 1650
 1557
   48
   59
  207
 1038
   60
    6
   48
  929
 1578
 1608
   34
 1038
 1624
 1501
 1610
   44
   59
  261
   14
  929
 1616
 1599
 1619
 1616
 1619
 1631
 1581
 1599
   14
 1616
   46
   33
 1568
 1619
 1581
   42
 1141
   33
 1568
 1581
 1631
 1568
 1597
   42
 1141
 1581
 1141
 1576
 1631
  774
   51
  774
 1568
 1297
   67
   33
  773
 1585
  774
 1595
 1297
   88
   73
 1583
   20
  574
   33
 1585
   20
   42
 1093
 1581
 1638
  464
 1645
 1568
 1585
 1566
  773
 1093
 1638
   78
   60
 1629
   28
   42
 1645
   60
 1622
 1629
  261
 1629
   29
   86
   60
 1623
   26
   28
 1628
  774
 1616
 1296
 1625
   28
 1296
 1629
   30
   28
 1629
   28
 1627
 1625
   30
 1581
 1627
   67
 1631
   97
   14
 1645
 1645
 1627
   67
   14
   33
 1602
   97
   97
   14
   60
  774
 1602
 1581
 1649
   14
   60
   14
 1616
 1591
   14
 1582
 1650
   60
   14
 1568
   73
  774
 1641
 1581
 1645
 1591
 1581
   14
   29
   60
 1568
 1650
   67
 1581
 1631
 1597
   73
   14
  208
   28
   14
   73
 1616
   14
   73
 1402
   97
   67
 1597
   62
  208
   42
   42
 1351
   36
   73
   80
   73
   81
   60
   73
   28
   42
   51
  465
   28
 1604
 1608
 1612
 1627
 1627
   14
 1581
 1625
    8
 1645
 1296
  773
    8
   14
   14
 1593
  675
   67
 1625
 1564
  675
   86
   67
   42
 1566
 1616
   52
   94
 1296
   14
   86
   42
 1617
   84
   86
   42
   86
   95
 1589
   51
  574
   33
 1583
 1584
   52
   52
   14
   81
   86
   95
  574
   52
   86
  773
   33
 1619
   52
 1576
 1581
   52
   86
 1619
   81
   88
   73
   52
   52
   86
   14
  774
 1581
   42
   70
  773
  774
   42
 1616
 1581
   73
   81
   86
   14
 1581
   42
   81
   81
   28
 1645
  774
   28
   14
  774
    5
   28
   81
   42
    3
    6
   78
 1576
 1570
  521
 1595
   73
 1093
   86
   42
   86
   86
 1591
   78
   86
   42
 1562
 1619
 1645
 1646
 1619
   14
 1631
 1619
  574
   33
 1604
  260
 1591
   90
   20
 1591
 1624
   28
   33
 1563
 1141
 1604
   33
 1563
    8
   86
 1570
   33
   20
   42
   33
 1570
    8
    8
   33
   67
 1621
   36
 1635
   28
 1568
 1593
 1621
 1616
   67
 1621
   14
 1645
   42
 1591
  774
   73
 1645
   33
 1604
 1619
 1631
   33
   78
 1583
   52
 1631
 1631
   79
   42
   67
 1581
 1581
   51
 1619
 1296
 1631
   92
   33
   78
   42
  929
   64
   33
   78
   78
   33
   33
 1650
 1608
   78
   62
   78
   33
 1608
  929
   52
 1568
 1573
   33
   33
 1141
 1296
   33
 1604
   64
   23
 1616
 1566
   64
   23
 1619
 1587
 1619
 1602
   42
 1619
   86
 1645
  774
   52
   23
   81
   28
  773
 1591
   81
   28
 1581
   14
 1631
 1576
   28
   28
  773
 1616
 1604
 1584
   77
 1581
   42
  773
   40
   28
   28
   42
  929
 1568
   42
  368
   42
  675
  929
 1608
   94
    6
 1619
 1619
    6
  929
 1591
   33
 1608
  368
 1631
 1578
 1581
   14
 1576
 1597
 1604
   73
   97
 1604
 1631
   14
   86
 1604
   96
   14
 1581
 1591
  774
  773
  773
   33
 1604
  773
  773
   42
  773
   25
   30
   73
   60
 1613
 1566
   42
 1631
  774
   81
 1647
 1631
  774
  874
   14
   14
 1636
 1635
 1637
   86
   28
   14
   71
 1581
 1581
 1568
 1568
  929
   92
   14
 1568
   46
 1631
 1093
   28
   86
 1576
 1631
   46
 1631
   86
  929
 1631
 1631
   52
 1631
 1645
 1645
 1631
 1625
   28
 1604
 1602
   28
 1604
   11
   46
   20
 1581
 1591
   20
   46
   20
 1599
   20
   51
 1631
 1576
   20
   84
 1616
 1581
 1599
   33
 1616
   33
   46
 1576
  574
   33
 1653
   67
   28
 1578
   65
 1591
  464
   86
  464
  464
 1631
 1640
 1613
 1640
 1640
 1616
   78
   51
 1599
   78
 1599
   51
 1599
  464
   86
 1616
  822
 1093
   60
 1645
 1608
   86
  822
 1581
   17
 1608
 1645
   60
 1194
 1591
 1578
   86
   86
 1578
 1578
  368
   14
 1591
 1570
   86
 1578
 1635
 1570
 1578
 1579
  774
 1581
 1616
 1579
 1652
  774
 1616
 1652
 1616
   73
 1568
 1568
 1568
 1562
 1562
 1645
   11
 1576
   11
 1576
 1631
 1631
   11
 1631
 1647
  367
   78
   86
  367
  367
 1641
 1608
  367
   36
 1641
 1641
  773
 1641
   42
   33
   36
 1591
 1297
  464
 1613
 1613
  464
   60
 1578
  574
  574
   28
  984
  208
 1645
   28
  930
 1645
   57
 1645
  774
   40
 1645
   52
   14
  774
   48
  774
  875
   92
 1635
   52
   52
   60
   52
 1635
   11
   60
 1093
   52
 1619
 1635
   51
 1635
   51
 1568
   20
 1625
 1568
   73
   14
   20
 1581
   90
   73
 1604
   73
   90
   73
   73
  521
 1619
   28
   33
  368
 1572
 1297
   51
 1297
 1591
    6
 1608
   11
  368
    8
 1645
 1645
 1646
 1141
 1645
 1604
   73
 1141
  464
 1604
   70
   52
 1591
   28
   55
 1616
 1591
 1591
   71
   23
 1616
   94
   23
 1616
  929
   23
  929
   60
   81
   28
 1631
 1591
 1568
 1591
   81
 1616
   42
 1568
 1631
   67
 1597
 1597
 1638
 1583
 1631
 1597
 1597
 1625
 1607
   67
    8
 1141
 1607
   67
 1141
   67
 1141
 1616
 1568
 1597
 1619
 1619
   86
   67
   73
  368
  368
   38
  676
 1141
   25
 1402
 1625
 1616
 1597
 1619
   67
   67
  929
 1607
 1621
 1607
 1038
 1093
   60
 1638
   52
 1638
   67
 1638
   20
 1591
   86
 1591
 1591
  774
 1591
   86
 1591
 1591
   86
 1591
 1591
   23
 1589
  464
 1591
   23
 1589
   20
   14
   14
 1631
   42
   73
   20
   42
   73
  774
 1587
   28
   78
  773
 1591
  773
 1631
 1631
 1631
 1652
 1653
 1653
 1652
 1568
   86
 1568
   59
   59
    6
  368
   67
   70
 1593
   60
 1593
 1593
   60
 1576
  368
 1576
 1616
  260
 1587
 1591
  929
   86
   42
   28
 1647
  773
   42
   42
   33
 1604
 1608
 1604
 1631
 1591
  773
  773
  368
   55
   55
   11
 1581
   11
   11
   44
   42
 1093
 1616
   57
   11
   42
   44
   44
   42
   44
   55
   42
   55
 1604
 1591
 1568
   86
   55
   42
   71
   95
 1581
 1604
  368
   42
 1296
 1631
 1296
 1296
 1296
 1591
 1581
  774
   86
   86
   94
   95
   78
 1604
   30
 1604
 1604
 1645
 1635
   42
   52
   52
   52
   52
   52
   52
 1566
 1608
   67
   33
 1613
 1608
   70
   67
   86
   52
 1647
   42
 1631
   78
 1631
 1616
 1591
   28
   28
   28
   28
 1593
 1591
   33
 1093
 1581
   11
 1581
   11
 1093
 1581
 1581
 1568
 1591
 1576
 1093
   67
 1093
 1297
  368
 1093
 1297
 1563
  367
  368
 1562
   78
   14
   78
 1647
 1638
 1647
 1647
 1647
 1647
   40
   20
   86
   92
   92
   42
   92
   92
 1616
   42
 1631
   42
   73
   40
 1645
   40
 1645
 1645
  464
 1647
 1647
 1619
   33
   33
 1093
   73
 1631
 1619
 1631
 1624
 1624
 1624
 1624
   14
   78
 1645
 1645
 1563
   78
 1645
   86
 1563
 1631
   78
   28
 1563
  773
   33
   81
   33
   33
   14
   14
  574
   52
 1296
  464
   60
   60
   33
   33
   33
   33
 1093
   33
 1587
 1645
   67
   33
  929
 1638
 1638
 1638
   73
 1093
 1616
   28
 1604
 1581
   33
   33
  368
  774
 1608
   33
 1568
   28
 1631
   42
   14
 1576
 1578
   28
 1581
 1581
 1093
   67
   67
   55
   67
 1591
 1647
 1645
 1645
   73
   55
   67
 1608
   67
   28
 1576
   28
 1616
   33
 1568
 1568
  774
 1599
   42
  774
   11
  774
   11
   81
  774
   11
   86
  929
  929
  773
  929
 1645
 1608
   86
  368
   78
   86
   20
 1599
 1619
 1597
 1587
 1572
   42
 1597
 1568
 1568
 1578
 1619
 1619
   28
 1296
 1296
   67
 1093
 1608
 1608
 1604
   73
 1608
 1599
 1093
 1638
   73
   73
   73
 1093
   40
   42
 1625
   11
 1625
   67
 1625
   42
   42
   42
 1568
   11
 1631
   92
   67
   20
 1578
   67
 1593
   67
   67
 1619
 1587
   67
 1581
   20
 1599
 1599
 1576
 1625
 1625
   42
   42
   42
 1587
 1619
 1619
 1591
 1587
   60
   73
   73
   73
 1616
   42
  773
 1093
   73
   86
 1653
 1604
 1608
   55
   55
 1568
 1568
 1568
   33
  574
 1296
  929
 1297
 1297
 1631
   73
   73
   28
   28
 1638
   73
 1568
 1638
   14
   28
   42
   14
   28
   14
 1631
   67
   73
  929
 1619
 1296
   42
   42
   42
   42
 1591
   86
   86
   14
 1647
   86
 1141
   42
 1581
 1296
  929
 1631
 1631
   73
  773
 1619
 1645
   60
   14
 1647
 1576
 1599
 1645
 1638
 1638
   33
   42
   33
   78
   73
   33
   52
   78
 1631
   73
 1645
   14
 1645
 1645
 1616
 1616
 1616
   33
  773
 1591
   52
 1608
 1631
  574
 1093
   28
 1093
  464
  464
 1638
 1093
 1093
   78
   73
   73
 1631
 1631
   86
 1587
   42
 1631
   28
 1631
 1599
 1599
 1599
 1599
 1631
 1599
 1599
 1631
  574
  574
   60
 1093
 1608
 1093
   42
 1568
   55
  574
   55
 1616
   67
 1581
  929
 1581
   55
   14
   67
   67
 1597
 1631
 1616
 1587
 1597
 1616
 1645
 1608
 1608
   20
   78
  774
 1597
 1597
 1597
 1597
 1581
   20
 1616
 1616
 1093
 1608
   51
  773
  774
  773
  773
  773
 1631
  574
 1631
 1568
   33
 1581
 1645
  774
 1608
   14
 1631
   42
 1619
   86
   78
 1616
   73
   73
   78
 1578
   42
 1591
   33
 1093
   42
 1631
   60
   33
   33
   42
   42
  774
   42
 1562
 1616
   78
   20
 1619
  773
   73
 1568
   78
  773
   42
   20
 1645
 1591
 1616
   14
   33
   14
   33
   55
   55
   42
 1619
 1619
 1576
   86
   73
   73
   42
 1631
 1604
   73
   73
 1608
 1608
 1608
   42
   73
 1619
 1604
   42
   42
   14
 1297
 1604
 1631
   28
   60
   67
   67
   67
   55
  774
   78
 1604
   86
   52
   52
 1581
   52
   52
 1581
 1604
 1581
 1645
 1591
   33
   52
   52
   52
  574
   67
 1093
 1093
   67
   67
   14
   14
   14
   42
   60
   60
   60
 1645
 1645
 1631
 1625
   60
   60
   55
   73
 1616
  929
 1581
  773
   42
  929
   81
  929
 1581
 1616
   28
 1638
   78
 1625
 1581
 1625
   86
   33
   86
   86
   86
   86
   73
   42
   86
 1581
 1619
   28
   28
   28
 1591
   67
   42
   33
 1645
 1599
   28
 1587
  773
   33
   33
   52
   14
  774
   67
 1597
 1631
 1597
 1581
   86
   14
 1638
   86
   60
   42
 1619
   42
   42
 1645
   52
 1581
   78
 1645
 1631
   86
 1645
 1631
 1608
 1645
   67
 1645
 1645
 1093
 1645
 1645
 1581
   86
 1581
 1568
   86
 1581
 1581
 1631
 1568
   33
 1581
 1568
 1581
   60
 1638
 1638
  774
 1581
   67
   86
 1597
 1597
 1597
 1597
 1597
 1597
 1631
   14
 1645
 1604
 1591
  574
 1604
   33
 1631
 1631
 1604
 1568
 1568
 1568
   14
   14
   14
   86
 1296
   28
   28
  929
   28
   42
 1591
 1608
 1608
 1608
 1568
 1568
 1093
   42
   42
   42
   42
   42
   14
  774
 1631
 1581
 1619
 1631
 1631
   42
   67
   67
   60
 1591
 1616
 1619
   42
   67
  574
   67
   86
 1616
 1616
   33
 1616
   33
 1616
 1568
 1297
 1581
   52
   55
   67
 1631
   33
 1647
 1581
 1647
 1581
 1645
 1616
 1645
 1616
 1645
   42
   86
   42
 1591
   33
 1631
 1631
 1631
 1604
 1631
 1631
 1616
   67
   73
   78
  929
   42
 1568
   28
 1581
 1608
   42
   33
 1619
 1619
 1616
 1631
 1619
 1616
 1645
 1581
   28
 1604
 1581
 1581
 1581
   28
 1604
   14
   14
   14
  773
   14
   52
 1568
 1568
   78
 1581
   52
   52
   42
   52
 1619
   42
   28
  774
 1631
  774
   78
   60
 1581
   60
 1581
   67
 1581
 1581
 1581
 1581
   42
 1631
 1631
  773
  929
   14
   78
   14
   14
   42
   20
 1619
 1608
 1568
 1608
  774
 1604
 1581
 1599
   52
 1591
   55
 1597
 1587
   42
   42
   42
   42
   14
   14
   14
 1619
 1619
 1645
 1631
 1645
 1631
   42
  929
 1591
   14
 1568
 1597
   60
 1093
 1093
 1093
 1645
   55
 1619
 1581
   28
   60
   14
 1581
 1645
 1604
   78
 1645
 1645
   78
   73
   52
 1604
   42
 1581
   28
 1581
   28
 1591
   42
 1604
 1604
   73
 1631
 1608
 1631
 1616
 1619
 1619
 1616
   60
 1631
   60
   28
 1599
 1619
 1604
   42
 1581
 1581
 1581
 1604
 1631
 1296
 1608
   78
 1608
   14
   78
   14
   14
   33
   55
   33
   33
   60
   33
   33
 1591
   85
   60
 1631
   42
   60
   78
 1581
   67
 1616
 1631
 1581
 1597
 1581
   52
 1591
   52
   52
   33
 1568
 1604
 1638
 1604
 1631
   55
 1591
   28
 1581
 1631
 1631
 1591
  774
 1581
   78
  929
   14
 1604
   20
   78
   78
   60
 1619
 1591
 1591
   42
   73
 1631
   14
 1619
   67
   67
   67
   67
   67
 1616
 1631
 1631
 1631
   14
 1619
   14
 1619
   14
   42
   67
   67
   67
   67
   67
   55
   73
   73
   78
   78
   67
   52
   67
   67
   67
 1597
   52
 1591
   52
 1631
 1568
 1631
  773
 1631
 1631
 1631
 1619
 1591
 1599
 1591
 1599
 1631
   14
   86
   42
 1619
  929
 1616
 1619
 1616
 1604
   86
   52
   78
 1591
   33
   52
  929
 1581
 1581
  929
   55
   73
 1581
   52
 1581
   14
   78
 1604
   28
 1581
   86
  929
 1645
 1645
 1645
 1645
 1645
 1619
 1645
 1619
   86
 1568
 1616
 1616
   78
 1619
   42
 1619
   42
   55
 1631
   33
   67
   52
 1599
   33
 1616
  929
   33
 1631
 1616
 1616
 1619
 1645
 1616
   86
   86
   86
   42
   86
   52
   67
   78
 1608
   78
  773
   42
 1591
 1581
 1631
 1619
 1616
 1591
 1645
 1296
   78
   78
 1587
   78
 1587
 1616
   28
 1608
   28
   28
 1608
 1608
   14
 1645
  929
 1604
   42
   60
   73
   60
 1619
 1619
 1619
   28
   42
 1568
   52
   52
   14
   14
 1599
 1616
   67
   67
 1631
 1645
 1631
 1599
   14
 1631
   86
   78
   78
   42
   42
   14
  774
   78
 1631
   28
   52
 1619
 1616
 1604
 1591
 1591
 1631
   14
 1645
 1616
   28
 1616
 1616
   52
   60
   60
 1591
   52
 1591
  929
   55
   73
 1616
   55
   55
 1616
   14
 1619
 1616
 1631
 1568
   60
 1619
 1619
   52
   52
   52
   52
   52
   52
 1616
   60
   60
   55
   55
  574
   55
   86
   67
   78
 1597
  773
 1608
   60
   60
 1616
 1616
   14
   60
   86
   86
   86
   73
 1597
 1608
 1591
 1619
 1604
 1591
   14
 1581
 1581
   33
   28
 1568
 1604
 1581
   33
 1616
   14
  929
   14
 1604
   78
 1616
   28
 1595
   60
   60
 1581
 1581
 1591
 1581
 1616
   52
 1581
 1619
   67
 1581
   52
   52
   52
   78
 1568
 1608
  773
   42
   52
 1591
 1568
   52
   52
   86
   78
 1616
 1616
   14
   14
   14
 1631
 1608
   14
   73
   52
 1604
   67
  774
   78
 1631
 1631
 1581
   14
   28
 1619
 1581
   78
 1604
   78
   33
 1591
 1604
   67
  929
   78
 1604
   52
   52
 1581
 1581
   33
   42
   86
   42
  774
  774
  574
 1576
   14
 1581
   42
 1581
 1581
   33
   78
   78
   86
   33
   33
 1581
   78
   33
  774
   67
 1576
   52
   42
   42
   78
   52
   52
   42
