    1
    2
    3
    4
    5
    6
    7
    8
    9
   10
   11
   12
   13
   14
   15
   16
   17
   18
   19
   20
   21
   22
   23
   24
   25
   26
   27
   28
   29
   30
   31
   32
   33
   34
   35
   36
   37
   38
   39
   40
   41
   42
   43
   44
   45
   46
   47
   48
   49
   50
   51
   52
   53
   54
   55
   56
   57
   58
   59
   60
   61
   62
   63
   64
   65
   66
   67
   68
   69
   70
   71
   72
   73
   74
   75
   76
   77
   78
   79
   80
   81
   82
   83
   84
   85
   86
   87
   88
   89
   90
   91
   92
   93
   94
   95
   96
   97
   98
   99
  100
  101
    3
    5
    7
    8
   11
   12
   15
   17
   21
   23
   24
   25
   27
   29
   31
   33
   33
   36
   39
   40
   43
   46
   47
   50
   50
   52
   53
   55
   57
   57
   62
   64
   67
   68
   69
   72
   73
   75
   77
   79
   80
   84
   85
   87
   90
   90
   92
   94
   96
   98
  152
  153
    3
    5
    5
    8
    8
   11
   11
   14
   17
   17
   17
   21
   23
   23
   27
   27
   30
   30
   33
   33
   38
   40
   40
   42
   44
   47
   50
   50
   50
   54
   54
   57
   57
   59
   62
   62
   67
   67
   69
   71
   73
   75
   78
   78
   80
   80
   84
   85
   85
   90
   90
   92
   94
   97
   98
  209
  210
  210
    5
    8
   11
   11
   17
   17
   17
   21
   23
   23
   27
   27
   27
   30
   30
   33
   33
   33
   40
   40
   42
   42
   50
   50
   50
   50
   57
   57
   62
   62
   67
   69
   73
   73
   73
   73
   78
   78
   80
   85
   90
   90
   90
   90
   92
   92
   97
   97
  261
  261
  262
  366
  366
    8
   11
   11
   17
   17
   17
   17
   21
   23
   23
   27
   33
   33
   33
   33
   33
   33
   42
   42
   50
   50
   50
   50
   50
   50
   57
   57
   62
   62
   67
   67
   67
   69
   73
   73
   73
   78
   78
   80
   90
   90
   90
   90
   90
   90
   92
  365
  365
  314
  314
  315
  366
  366
    8
    8
   11
   17
   17
   17
   17
   21
   21
   23
   27
   27
   33
   33
   33
   33
   50
   50
   50
   50
   50
   50
   50
   50
   57
   57
   62
   62
   62
   67
   67
   67
   73
   78
   78
   90
   90
   90
   90
   90
   90
   90
   90
   92
  365
  365
  365
  365
  366
  366
  366
  366
    8
   17
   17
   17
   17
   17
   17
   21
   23
   27
   27
   27
   27
   33
   33
   33
   33
   33
   50
   50
   50
   50
   50
   50
   57
   57
   62
   62
   67
   67
   67
   73
   73
   73
   73
   78
   78
   90
   90
   90
   90
   90
   90
   92
  521
  521
  416
  417
  366
   17
   17
   17
   17
   17
   17
   17
   17
   27
   27
   27
   27
   27
   33
   33
   33
   33
   50
   50
   50
   50
   50
   50
   50
   50
   57
   57
   57
   57
   62
   67
   67
   67
   67
   67
   73
   73
   73
   73
   78
   90
   90
   90
   90
   90
   90
   90
  521
  521
  521
  470
  470
  471
  522
  522
  522
   17
   17
   17
   17
   17
   17
   17
   27
   27
   27
   33
   33
   33
   33
   33
   33
   50
   50
   50
   50
   50
   50
   50
   57
   57
   67
   67
   67
   67
   67
   67
   73
   73
   73
   78
   90
   90
   90
   90
   90
   90
   90
   90
  787
  521
  521
  521
  522
  522
  522
  522
  522
   17
   17
   17
   17
   17
   17
   27
   27
   27
   27
   33
   33
   33
   33
   33
   33
   50
   50
   50
   50
   50
   50
   50
   50
   50
   50
   57
   57
   57
   57
   67
   67
   67
   67
   67
   67
   73
   73
   73
   73
   73
   90
   90
   90
   90
   90
   90
   90
  787
  521
  521
  521
  579
  580
  522
  522
  522
   17
   17
   17
   17
   17
   17
   17
   17
   27
   27
   27
   33
   33
   33
   33
   33
   33
   33
   33
   50
   50
   50
   50
   50
   50
   57
   57
   57
   67
   67
   67
   67
   67
   67
   67
   73
   73
   73
   73
   90
   90
   90
   90
   90
   90
  787
  787
  787
  688
  634
  634
  635
  635
  635
  635
  635
   17
   17
   17
   17
   17
   17
   17
   27
   27
   33
   33
   33
   33
   33
   33
   33
   50
   50
   50
   50
   50
   50
   50
   57
   57
   67
   67
   67
   67
   67
   67
   67
   67
   67
   73
   73
   73
   90
   90
   90
   90
   90
  787
  787
  787
  787
  787
  688
  688
  689
  635
  635
  635
   17
   17
   17
   17
   17
   17
   27
   27
   33
   33
   33
   33
   33
   50
   50
   50
   50
   50
   50
   50
   50
   57
   57
   67
   67
   67
   67
   67
   67
   73
   73
   73
   73
   90
   90
   90
   90
   90
  787
  787
  787
  787
  736
  736
  737
  689
  839
  839
  635
   17
   17
   17
 1622
 1622
 1622
   27
   33
   33
   33
   33
   33
   33
   50
   50
   50
   50
   50
   50
   50
   67
   67
   67
   67
   67
   67
   67
   73
   73
   73
   73
   73
   90
   90
   90
   90
   90
   90
   90
   90
  787
  787
  787
  787
  787
  787
  788
  839
  839
  839
   17
   17
   17
 1622
 1622
 1622
 1622
 1622
   27
   33
   33
   33
   33
   33
   33
   33
   33
   50
   50
   50
   50
   50
 1669
 1669
   67
   67
   67
   67
   67
   67
   67
   67
   73
   73
   73
   90
   90
   90
   90
   90
   90
  949
  949
  787
  787
  787
  838
  839
  839
  839
 1122
 1122
 1122
 1622
   17
 1622
 1622
 1622
 1622
 1622
 1635
   33
   33
   33
   33
   33
   33
   33
   50
   50
   50
   50
   50
   50
   50
   50
 1669
 1669
 1669
   67
 1675
 1675
 1675
   67
   67
   73
   73
   73
   90
   90
   90
   90
   90
   90
  949
  949
  949
  949
  949
  949
  893
  893
  894
  839
 1122
 1122
 1122
 1622
 1622
 1622
 1622
 1622
 1622
 1622
 1635
 1635
   33
   33
   33
   33
   33
   33
   50
   50
   50
   50
   50
 1669
 1669
 1669
 1669
 1669
 1669
 1675
 1675
 1675
 1675
   67
   67
   73
 1683
 1683
 1683
   90
   90
   90
   90
   90
   90
   90
  949
  949
  949
  949
  949
  949
  949
  949
  950
  839
 1122
 1122
 1122
 1622
 1622
 1622
 1622
 1622
 1622
 1622
 1622
 1635
 1635
 1635
 1635
   33
   33
   33
   33
   33
   33
   50
   50
   50
   50
   50
 1669
 1669
 1669
 1669
 1669
 1669
 1675
 1675
 1675
 1675
 1675
 1683
 1683
 1683
 1683
   90
   90
   90
   90
   90
   90
 1698
  949
  949
  949
  949
  949
 1005
 1006
 1006
 1122
 1122
 1622
 1622
 1622
 1622
 1622
 1622
 1622
 1622
 1635
 1635
 1635
 1635
 1635
   33
   33
   33
   33
   33
   33
 1656
 1656
 1656
 1656
   50
 1656
 1669
 1669
 1669
 1669
 1669
 1675
 1675
 1675
 1675
 1675
 1683
 1683
 1683
 1683
 1683
 1683
 1683
   90
   90
 1698
 1698
  949
  949
  949
  949
  949
  949
 1121
 1063
 1064
 1122
 1122
 1122
 1122
 1122
 1622
 1622
 1622
 1622
 1622
 1622
 1622
 1635
 1635
 1635
 1645
 1645
 1645
 1645
 1645
   33
   33
 1656
 1656
 1656
 1656
 1656
 1656
 1669
 1669
 1669
 1669
 1669
 1669
 1675
 1675
 1675
 1675
 1675
 1675
 1683
 1683
 1683
 1683
 1683
 1683
 1683
 1683
   90
 1698
 1698
  949
  949
 1283
 1283
 1121
 1121
 1122
 1122
 1122
 1122
 1622
 1622
 1622
 1622
 1622
 1622
 1622
 1622
 1622
 1622
 1635
 1635
 1635
 1635
 1645
 1645
 1645
 1645
 1645
 1651
 1656
 1656
 1656
 1656
 1656
 1669
 1669
 1669
 1669
 1669
 1669
 1669
 1675
 1675
 1675
 1675
 1683
 1683
 1683
 1683
 1683
 1683
 1698
 1698
 1698
 1698
 1698
 1698
 1283
 1283
 1283
 1178
 1178
 1179
 1122
 1122
 1122
 1122
 1122
 1622
 1622
 1622
 1622
 1622
 1635
 1635
 1635
 1635
 1635
 1635
 1645
 1645
 1645
 1651
 1656
 1656
 1656
 1656
 1656
 1656
 1669
 1669
 1669
 1669
 1675
 1675
 1675
 1675
 1675
 1683
 1683
 1683
 1683
 1683
 1698
 1698
 1698
 1698
 1283
 1283
 1283
 1283
 1283
 1229
 1230
 1284
 1122
 1122
 1622
 1622
 1622
 1622
 1622
 1622
 1622
 1635
 1635
 1635
 1635
 1635
 1645
 1645
 1645
 1645
 1645
 1645
 1651
 1656
 1656
 1656
 1656
 1656
 1656
 1656
 1669
 1669
 1669
 1669
 1675
 1675
 1675
 1675
 1683
 1683
 1683
 1683
 1683
 1683
 1692
 1698
 1698
 1698
 1283
 1283
 1283
 1283
 1283
 1283
 1284
 1284
 1284
 1284
 1122
 1622
 1622
 1622
 1622
 1622
 1622
 1622
 1635
 1635
 1635
 1635
 1635
 1645
 1645
 1645
 1645
 1645
 1651
 1651
 1656
 1656
 1656
 1656
 1656
 1659
 1669
 1669
 1669
 1669
 1669
 1675
 1675
 1675
 1675
 1680
 1683
 1683
 1683
 1683
 1683
 1683
 1692
 1692
 1692
 1698
 1698
 1698
 1702
 1702
 1454
 1283
 1283
 1341
 1342
 1342
 1284
 1284
 1622
 1622
 1622
 1622
 1622
 1629
 1635
 1635
 1635
 1635
 1635
 1639
 1639
 1645
 1645
 1645
 1651
 1651
 1651
 1656
 1656
 1656
 1656
 1659
 1659
 1669
 1669
 1669
 1669
 1675
 1675
 1675
 1675
 1680
 1683
 1683
 1683
 1683
 1683
 1692
 1692
 1692
 1698
 1698
 1698
 1702
 1702
 1454
 1454
 1454
 1397
 1397
 1398
 1398
 1284
 1284
 1622
 1622
 1622
 1622
 1626
 1629
 1635
 1635
 1635
 1635
 1639
 1639
 1639
 1639
 1641
 1645
 1645
 1645
 1651
 1651
 1656
 1656
 1659
 1662
 1664
 1669
 1669
 1675
 1675
 1675
 1675
 1680
 1680
 1680
 1683
 1683
 1683
 1683
 1683
 1692
 1692
 1694
 1694
 1698
 1698
 1698
 1702
 1702
 1702
 1454
 1454
 1454
 1454
 1455
 1455
 1455
 1617
 1618
 1622
 1622
 1622
 1626
 1627
 1629
 1635
 1635
 1635
 1635
 1639
 1639
 1641
 1645
 1645
 1645
 1651
 1651
 1656
 1656
 1656
 1659
 1662
 1664
 1669
 1669
 1669
 1671
 1675
 1675
 1679
 1680
 1683
 1683
 1683
 1689
 1689
 1692
 1692
 1698
 1702
 1702
 1702
 1704
 1707
 1454
 1506
 1507
 1507
 1615
 1617
 1622
 1622
 1624
 1626
 1629
 1632
 1635
 1637
 1637
 1641
 1643
 1645
 1647
 1647
 1651
 1653
 1654
 1656
 1656
 1659
 1662
 1669
 1669
 1669
 1672
 1675
 1675
 1677
 1679
 1680
 1683
 1683
 1686
 1687
 1689
 1692
 1692
 1696
 1698
 1698
 1702
 1704
 1706
 1707
 1708
 1556
 1557
 1614
 1616
 1618
 1620
 1622
 1623
 1625
 1627
 1629
 1630
 1631
 1632
 1635
 1636
 1638
 1641
 1644
 1645
 1645
 1648
 1651
 1652
 1654
 1656
 1658
 1660
 1662
 1665
 1666
 1668
 1669
 1672
 1673
 1675
 1676
 1678
 1680
 1683
 1684
 1686
 1689
 1690
 1692
 1692
 1695
 1696
 1698
 1700
 1701
 1703
 1704
 1707
 1709
 1611
 1612
 1613
 1614
 1615
 1616
 1617
 1618
 1619
 1620
 1621
 1622
 1623
 1624
 1625
 1626
 1627
 1628
 1629
 1630
 1631
 1632
 1633
 1634
 1635
 1636
 1637
 1638
 1639
 1640
 1641
 1642
 1643
 1644
 1645
 1646
 1647
 1648
 1649
 1650
 1651
 1652
 1653
 1654
 1655
 1656
 1657
 1658
 1659
 1660
 1661
 1662
 1663
 1664
 1665
 1666
 1667
 1668
 1669
 1670
 1671
 1672
 1673
 1674
 1675
 1676
 1677
 1678
 1679
 1680
 1681
 1682
 1683
 1684
 1685
 1686
 1687
 1688
 1689
 1690
 1691
 1692
 1693
 1694
 1695
 1696
 1697
 1698
 1699
 1700
 1701
 1702
 1703
 1704
 1705
 1706
 1707
 1708
 1709
 1710
 1711
    6
   10
   12
   14
   16
   22
   23
   26
   35
   37
   39
   41
   56
   67
   68
   69
   74
   75
   82
   83
   88
  153
   11
   14
   17
   25
   30
   30
   42
   50
   50
   52
   64
   65
   69
   71
   85
   90
   90
   92
   95
  210
    5
   11
   17
   17
   23
   23
   27
   27
   33
   36
   50
   50
   57
   57
   59
   62
   67
   73
   73
   78
   85
   90
  262
   17
   17
   17
   33
   33
   33
   40
   42
   42
   50
   57
   62
   62
   67
   67
   73
   78
   78
   80
   90
   90
   90
   92
  315
    8
   17
   17
   23
   27
   27
   50
   50
   57
   57
   57
   62
   62
   73
   73
   73
   78
   90
   90
   90
   90
  365
  365
    8
   17
   17
   17
   23
   27
   27
   33
   33
   33
   33
   50
   50
   50
   50
   50
   50
   57
   67
   73
   73
   73
   78
   90
   90
  366
   17
   17
   27
   33
   33
   33
   33
   50
   50
   50
   50
   50
   57
   67
   73
   73
   73
   78
   90
   90
   90
  521
  471
  366
   17
   27
   27
   27
   33
   33
   50
   50
   73
   73
   90
  521
  522
   17
   17
   17
   27
   27
   33
   33
   50
   50
   50
   57
   57
   67
   67
   73
   73
   73
   90
   90
   90
   90
  579
  635
   17
   17
   27
   27
   33
   33
   50
   50
   50
   57
   67
   67
   67
   67
   67
   73
   90
   90
   90
   90
   90
   90
  787
  787
  787
  787
  635
   17
   17
   27
   27
   33
   50
   50
   50
   50
   50
   57
   67
   67
   67
   67
   67
   90
   90
   90
   90
   90
  787
  635
  635
   17
   17
   17
   17
   17
   17
 1622
 1622
   33
   33
   33
   50
   50
   50
   50
   50
   57
   67
   73
   90
   90
   90
   90
  787
  787
  787
  737
  839
   17
 1622
   17
   27
   27
   33
   33
   33
   33
   67
   67
   73
   73
   73
   73
   90
  787
   17
   17
   17
   17
 1622
   33
   33
   33
   33
   50
   50
   50
   50
   50
   50
   50
 1669
 1669
 1669
   67
 1675
   67
   67
   73
   73
 1683
   90
  787
  787
  787
  787
  838
 1122
 1122
   17
 1622
 1622
 1622
 1622
 1635
   33
   33
   33
 1669
 1669
 1669
 1675
   67
   67
   67
   90
   90
   90
  949
  949
  949
  949
  893
 1122
 1622
 1622
 1622
 1622
   33
   33
   33
   33
   33
   33
   50
   50
   50
 1669
 1669
 1675
   67
   73
   73
   73
   90
   90
  949
 1122
 1122
 1622
 1622
 1622
 1622
 1622
 1635
   50
   50
   50
 1669
 1675
 1683
 1683
 1683
   90
   90
   90
  949
  949
 1005
 1122
 1622
 1622
 1622
 1635
 1645
   33
 1645
   33
   33
   50
 1669
 1669
 1675
 1683
 1683
   90
   90
 1122
 1622
 1622
 1622
 1635
 1645
 1645
 1645
   33
 1656
 1669
 1669
 1675
 1683
 1683
   90
 1698
 1698
 1283
 1283
 1122
 1622
 1622
 1622
 1635
 1645
 1645
 1645
 1645
 1645
   33
 1656
 1656
 1669
 1669
 1683
 1683
 1683
 1698
 1698
 1283
 1122
 1122
 1622
 1622
 1622
 1635
 1635
 1635
 1635
 1635
 1645
 1656
 1669
 1669
 1669
 1675
 1675
 1683
 1683
 1283
 1229
 1122
 1622
 1622
 1622
 1622
 1635
 1645
 1656
 1656
 1669
 1669
 1669
 1675
 1675
 1675
 1675
 1683
 1683
 1683
 1698
 1698
 1698
 1698
 1702
 1283
 1283
 1284
 1284
 1622
 1622
 1635
 1635
 1645
 1651
 1651
 1656
 1656
 1656
 1669
 1669
 1675
 1675
 1680
 1683
 1683
 1698
 1698
 1283
 1454
 1284
 1622
 1622
 1629
 1629
 1635
 1635
 1639
 1639
 1645
 1645
 1656
 1669
 1675
 1675
 1675
 1675
 1692
 1702
 1454
 1455
 1284
 1635
 1639
 1641
 1645
 1645
 1651
 1664
 1675
 1675
 1675
 1683
 1698
 1702
 1702
 1454
 1454
 1635
 1639
 1656
 1662
 1669
 1669
 1669
 1675
 1675
 1680
 1680
 1692
 1698
 1702
 1702
 1707
 1708
 1614
 1617
 1622
 1627
 1629
 1629
 1637
 1643
 1645
 1647
 1651
 1651
 1653
 1656
 1659
 1664
 1675
 1679
 1692
 1694
 1698
 1702
 1707
 1556
 1615
 1617
 1624
 1633
 1642
 1646
 1650
 1656
 1661
 1674
 1677
 1681
 1687
 1690
 1691
 1693
 1696
 1709
   12
   15
   34
   45
   58
  153
   11
   17
   21
   23
   36
   40
   59
   60
   67
   67
   69
   71
   73
   84
   90
   17
   17
   69
   73
   73
   78
   92
    8
   11
   17
   21
   23
   30
   42
   50
   57
   90
  314
  366
   17
   33
   50
   57
   67
   78
   92
    8
   17
   27
   33
   50
   50
   50
   78
   90
  366
  522
   17
   50
   50
   50
   50
   62
   67
   90
   90
   17
   27
   33
   67
   78
   90
  522
   17
   33
   33
   90
   90
  787
  635
  522
  635
   33
   33
   67
   67
   73
   90
  635
   17
   17
   17
   33
   33
   50
   50
   90
   90
  787
  688
   17
   27
   50
   50
   73
   90
  787
   17
   50
   73
  787
  787
  788
   33
   50
   50
   50
   50
   67
   67
   90
   90
  787
  787
  839
 1122
   33
   33
   50
   50
 1669
   67
   73
   90
   90
   90
  949
  949
  894
 1622
 1622
 1635
   33
   50
   90
   90
   90
  949
  950
 1622
 1622
 1635
 1669
 1669
 1675
 1675
   90
 1006
 1622
   33
   33
 1675
 1683
 1683
  949
 1063
 1622
 1635
 1635
 1635
 1656
 1656
 1669
 1675
 1683
 1122
 1622
 1622
 1645
 1656
 1669
 1669
 1683
 1683
 1683
 1698
 1179
 1122
 1622
 1622
 1645
 1656
 1669
 1698
 1122
 1622
 1635
 1645
 1645
 1645
 1692
 1283
 1645
 1651
 1669
 1669
 1669
 1683
 1651
 1656
 1659
 1683
 1692
 1398
 1622
 1622
 1622
 1635
 1639
 1645
 1669
 1683
 1698
 1702
 1455
 1284
 1641
 1651
 1659
 1669
 1669
 1683
 1698
 1704
 1506
 1617
 1618
 1626
 1637
 1641
 1649
 1653
 1656
 1655
 1659
 1662
 1669
 1672
 1683
 1700
 1702
 1702
 1706
 1708
 1634
 1640
 1653
 1660
 1663
 1665
 1686
 1698
 1706
   19
   33
   42
   51
   54
   65
   71
   90
   92
   92
   42
   50
   57
   50
   67
  416
  366
   17
   50
   17
   50
   67
  689
  635
   50
   33
   33
  949
   33
  949
   90
 1622
 1656
 1689
 1615
 1626
 1637
 1641
 1643
 1647
 1656
 1659
 1667
 1675
 1687
 1694
    9
   14
   40
   42
   57
   17
   19
   33
   33
   36
   50
   59
   67
   73
   82
    8
   42
   67
  365
  522
   17
   33
   90
   90
   67
   33
  689
   27
   50
   33
   50
  787
   50
  839
  949
  949
   33
   90
   90
 1006
 1622
 1622
   50
 1122
 1656
 1179
 1622
 1645
 1698
 1284
 1669
 1398
 1622
 1689
 1507
 1633
 1667
 1675
 1683
 1686
 1707
 1696
 1709
   17
   64
   84
   57
  787
 1622
 1656
   11
   36
   36
   38
   42
   54
   71
   84
   17
   90
   67
  522
  580
  787
   27
  787
  949
  949
  950
 1622
 1669
 1063
 1675
 1645
 1651
 1656
 1683
 1622
 1669
 1651
 1506
 1618
 1641
 1653
 1659
 1662
  689
 1626
 1688
    8
   42
   42
   48
   54
   57
   67
   90
  839
  949
 1645
 1622
 1675
 1283
 1656
 1622
 1635
 1648
 1662
 1667
 1654
 1698
 1704
 1283
 1662
 1627
 1641
 1687
   17
   36
   59
   50
  839
 1064
  416
   54
   49
    5
   38
   50
  839
 1283
 1635
 1689
 1698
 1699
 1704
 1611
   50
   59
  152
 1063
   59
   48
 1649
 1641
   35
   73
 1698
 1556
   44
 1704
 1641
    5
 1635
 1699
 1611
   59
 1656
 1677
 1664
   17
 1669
 1664
 1669
  262
 1664
 1675
 1664
   17
 1664
 1683
 1645
 1664
   33
 1675
 1656
 1622
   46
 1635
 1622
   50
 1635
   33
   50
 1635
 1683
 1629
  787
   33
 1284
  787
   67
   50
   50
   17
  787
   17
 1622
   73
   87
   33
 1635
 1635
   90
 1639
 1692
  635
 1683
 1651
 1622
 1639
   27
  521
   23
  635
 1639
   21
   73
 1122
 1639
   27
 1622
 1680
   50
  787
 1698
 1669
 1679
   30
   67
 1622
 1676
 1679
  787
   67
   50
   27
   67
 1683
 1694
   28
 1121
 1683
 1683
   73
 1454
 1680
   90
 1683
  788
 1669
 1680
 1121
 1683
   30
   97
   67
 1669
 1121
   97
 1121
 1702
   97
   97
  365
 1635
 1676
 1669
 1704
   30
   17
   17
 1704
   60
 1669
   67
 1698
   17
   17
   33
 1651
   90
   90
   67
   17
 1639
 1635
 1702
   17
 1651
   27
 1283
 1651
 1702
 1669
 1651
 1702
 1283
  210
   17
 1622
 1656
 1645
 1454
 1283
   17
  210
 1454
 1656
   14
 1671
 1683
   17
 1122
 1283
 1683
   17
 1671
   80
   17
 1669
 1622
 1666
   17
   85
   59
   50
 1620
 1656
   27
   80
  522
   73
 1683
    8
   80
   86
   73
   50
   50
   27
   94
 1618
   27
   95
   90
 1283
   50
   62
   67
   33
   95
 1283
   50
 1664
 1671
   87
   33
 1639
   17
 1647
    8
   80
   90
 1397
   73
   50
 1635
   33
 1698
   57
 1122
   50
 1635
 1635
   89
   17
   50
 1635
 1122
   17
   17
 1635
   90
   90
  949
   90
  787
  521
   67
   17
   90
    3
   17
 1675
   50
   90
   50
  522
   50
   17
 1680
   62
 1635
 1639
   50
 1680
    5
   50
   50
  839
 1622
   27
   17
 1675
 1615
 1618
   57
   50
 1622
 1122
  209
   27
   90
 1622
   73
   27
 1622
  209
   78
   21
   90
   73
  209
   50
   78
  261
  209
   78
   78
   78
 1122
   87
   78
 1122
   78
   78
   73
   33
   90
   33
   17
   33
 1624
  416
   69
  209
   33
 1641
   69
   33
   50
 1637
   90
 1622
   62
   33
    8
   33
   67
   90
   90
   33
 1675
   90
 1645
   90
   90
   90
   90
 1645
   90
   33
 1645
   67
   33
 1656
   17
   90
 1645
 1656
   87
 1683
 1656
   90
   17
   33
  366
   33
 1624
   96
 1617
 1622
  522
   50
   95
 1617
  787
   17
   67
   33
 1639
 1675
   67
   33
 1683
   90
   90
 1683
 1635
 1635
 1683
   33
 1702
   90
 1702
   50
 1675
   33
   50
 1283
 1659
   33
   17
   33
   17
   33
   57
   23
   33
   33
   33
   33
   33
   33
   33
   50
 1683
 1669
    8
   33
    8
 1683
   50
 1683
    8
   90
   78
   90
   90
   90
   54
   90
   90
   40
 1683
   67
   90
   80
  688
 1675
 1683
   67
   23
   80
  688
   78
   80
  688
   90
  688
 1622
   23
   73
  521
 1675
  949
   73
   73
  688
   33
  521
  949
  521
 1675
  521
 1631
 1683
 1631
   33
   33
   57
   11
   57
   33
   85
   90
   33
 1454
 1454
 1622
   90
   90
   33
 1683
   73
   50
 1669
   50
 1683
   46
 1683
   33
   50
  365
   33
   46
 1683
 1683
   73
   33
  365
 1645
   50
 1698
   73
   78
 1645
   73
   59
 1683
   33
   17
 1698
 1656
  949
 1698
   17
   92
 1615
   44
  787
   44
   44
  787
   44
  787
   50
 1662
 1669
   17
  787
 1669
 1639
 1622
 1669
   73
 1669
 1639
   90
   50
   67
   73
   33
   27
 1284
 1698
   92
   27
   27
   50
   14
   27
 1122
 1631
 1629
   21
 1122
   21
   27
   50
   50
  787
   73
   50
   67
   50
 1683
   67
   50
   50
 1622
 1622
 1689
   30
   57
 1689
 1622
   36
 1691
 1622
 1689
   62
   62
   62
 1622
 1675
 1622
  366
   92
   17
 1671
 1656
   17
   92
 1675
   27
 1675
 1707
 1622
 1683
 1454
   40
 1615
  521
  839
  949
  521
  521
  949
 1692
 1656
 1622
  521
   90
 1622
 1284
 1622
  521
  949
   90
 1692
   90
 1284
  521
 1669
   90
 1656
 1692
   90
 1629
 1284
 1669
 1629
   67
   73
   67
 1698
   73
   90
   67
 1641
   36
   67
 1653
 1656
 1622
 1635
  949
 1669
 1645
 1622
   17
 1121
 1635
 1651
 1669
 1622
   67
 1651
   90
   33
 1689
 1669
   11
   57
   11
   90
   11
 1627
   50
 1706
   50
   50
 1649
 1704
 1683
 1698
 1639
   57
   90
 1645
 1122
 1645
 1122
   90
 1122
   90
 1635
   80
 1622
   50
  365
   33
   73
   90
 1284
   90
   90
 1284
 1635
 1698
 1284
 1635
 1669
 1669
   62
 1669
 1680
 1626
 1702
 1626
 1626
 1645
   33
   73
 1622
   25
   33
   50
   92
 1622
   50
   50
   27
   52
   50
 1698
 1698
   36
   84
 1698
  635
 1698
   85
 1698
    8
 1669
    8
   33
  949
 1669
    8
 1669
   11
   27
 1683
 1683
 1622
 1683
 1689
 1656
 1622
 1683
 1669
 1669
 1669
 1669
 1669
 1669
 1669
   27
 1698
 1669
   27
 1645
   57
   90
 1645
 1622
 1645
  787
 1645
 1645
 1683
 1645
 1645
   40
   27
 1702
 1645
   21
  839
 1675
  366
  366
  839
   62
 1656
 1645
   50
   90
   73
   90
 1622
 1656
   73
 1656
 1284
 1622
 1622
  366
 1669
 1698
   33
 1698
   67
 1683
 1680
  366
 1680
   73
 1680
  366
 1680
  366
 1283
 1284
 1622
   50
  949
  522
 1284
   69
 1284
  522
   17
    8
  522
  522
   17
   62
    8
   50
   78
    8
    8
   62
   62
    8
   33
   57
   90
   50
   57
   90
   62
   57
   90
   62
 1635
   73
   73
  949
   90
   17
   17
   17
   17
   90
   17
   17
   59
   73
   73
   59
   73
   73
   90
   73
 1698
  839
 1675
   90
   73
 1675
  949
 1683
 1669
 1659
   33
  949
 1689
 1669
 1669
   90
 1689
 1669
 1669
 1669
 1622
   90
 1669
 1686
 1669
    8
   21
   21
   21
   21
   21
 1645
 1639
 1283
 1645
 1645
 1656
   87
   90
   50
   90
   27
 1635
 1702
 1635
   67
   62
   90
   62
   33
   62
 1622
 1675
   33
 1622
 1683
 1454
  787
 1454
 1639
 1664
 1656
 1635
 1637
   50
 1637
 1702
 1683
 1702
   17
   73
 1669
 1669
   33
 1656
   33
 1675
 1669
 1669
   33
 1669
 1669
   50
   33
   67
 1669
   17
 1669
 1669
   67
 1669
    8
 1622
   50
   57
 1622
 1683
   50
 1645
 1645
 1669
 1645
  839
 1669
 1692
 1692
   50
 1692
   50
   50
 1675
 1651
 1694
 1694
   90
   27
  635
 1683
   23
   73
   23
   17
 1651
   54
  366
   90
 1675
   17
 1645
   17
 1702
   90
   90
 1635
   90
 1669
   73
   73
 1454
   40
   73
   50
   50
   17
   27
 1669
   17
 1283
 1664
   27
 1675
   57
 1675
   90
   92
   50
 1669
   59
  366
 1694
 1622
 1694
   84
   27
 1283
   84
   84
 1283
   80
   50
 1694
 1698
 1694
 1694
   50
 1659
 1694
   67
   78
 1692
 1656
   67
   78
 1645
 1656
   78
   21
   20
   21
   78
   78
 1683
   78
   33
 1675
   50
   50
 1622
 1662
    8
   33
   33
   33
   33
 1122
 1122
 1122
   73
   50
 1675
   50
   67
   50
 1669
   73
   50
   67
   67
   17
   17
   17
   50
   23
   67
 1698
   50
   78
   73
   73
   73
   73
 1698
 1622
   73
 1698
 1683
   73
 1669
 1645
 1683
   33
 1698
 1651
   92
   17
   92
   92
   23
   73
 1669
   27
   23
 1698
 1669
 1675
  949
 1622
  522
  522
 1622
 1622
 1622
 1692
 1618
   27
 1618
 1622
   73
   90
   50
   50
   17
   50
   17
   17
   17
 1645
   50
 1639
 1617
  522
 1122
   33
   33
  949
 1122
   50
 1122
   90
   90
   90
   67
   67
   67
   33
 1683
   90
   33
  787
   33
   27
   67
   50
 1669
   54
 1675
   73
   67
  635
 1683
 1669
 1698
 1122
 1698
 1635
 1664
 1664
  787
 1666
 1669
  521
 1669
   27
   62
 1675
 1683
   62
 1622
   33
 1675
 1122
 1122
 1639
 1122
   57
   90
 1635
    8
   17
 1692
    8
   67
   57
   33
   90
   50
   50
   50
 1122
 1122
 1635
   33
 1622
   33
  787
  787
 1622
 1283
 1622
   90
 1283
   67
   33
   33
   33
   33
  366
   50
  366
   33
   73
   50
   33
  839
 1683
 1683
 1680
   33
   33
   33
 1635
   73
 1669
 1622
 1659
 1669
  787
   57
 1622
 1694
 1622
   27
   33
 1656
   27
   90
 1683
 1656
   67
 1675
 1122
   67
 1122
  787
 1635
 1702
 1651
 1651
  787
 1651
   90
   33
 1645
   33
 1694
 1694
   90
 1622
   27
   50
 1651
   27
   67
 1645
   50
   67
 1645
   50
   67
 1622
   90
 1656
 1645
 1669
 1645
 1645
 1656
 1645
 1656
   33
   21
   33
 1122
 1635
   57
 1656
   57
   57
   27
 1656
 1622
   73
   67
 1622
 1122
 1656
 1698
 1692
 1692
 1122
 1698
 1692
 1692
 1692
 1698
 1692
  635
 1698
 1692
  635
   33
  839
 1656
   90
 1698
  949
 1675
   50
   50
   50
   67
   33
 1635
 1645
   67
 1645
   17
   17
 1645
   73
 1669
   73
 1698
  521
 1698
 1698
   50
   33
   50
   90
 1635
   73
 1675
 1675
   90
 1698
 1680
   62
  787
  787
   62
 1698
   62
   50
   62
   62
   73
   50
  839
   17
  787
   27
 1669
   33
   62
   33
 1683
  522
   67
   73
   50
 1656
   67
   27
   27
 1622
   17
   17
   27
 1669
   50
 1622
 1698
 1683
   90
   50
 1639
   33
 1683
 1702
 1702
 1702
 1702
   33
   50
   33
   33
 1635
 1283
   67
  839
 1683
   33
  839
 1683
   73
   17
   27
   67
   90
   17
   33
   33
   33
   27
   33
   67
   57
   67
   50
   50
   50
   90
  522
   27
   90
 1283
   92
 1283
   33
   33
  949
 1622
  949
   90
   90
 1698
 1698
   33
   67
   50
   90
   67
   90
   90
   17
 1635
   17
   90
 1635
   27
   27
 1698
 1675
 1675
   50
 1698
 1656
 1698
 1622
   27
   50
  949
  949
  949
  366
 1680
   17
 1645
   33
   50
   73
   50
 1635
   50
   50
   90
 1656
   90
   50
   50
   90
 1675
   90
  365
   90
 1683
  365
   90
   33
 1645
   33
   33
   50
 1122
 1622
 1645
  787
   17
  787
  787
   57
 1283
   17
   90
   17
 1639
   90
   90
 1622
   90
   73
   50
 1656
 1645
 1659
   67
 1635
 1635
 1669
 1122
   50
 1669
   50
 1656
 1622
 1656
   67
  787
   57
  787
 1683
 1635
   17
 1683
  635
 1683
 1669
 1698
 1683
 1656
 1698
 1698
 1122
  839
   90
 1669
 1656
 1669
 1651
  949
 1651
 1651
 1651
 1651
   57
   57
 1675
 1622
 1122
 1122
   90
 1656
   62
 1622
 1656
 1656
 1656
 1622
 1622
  787
 1283
 1635
   17
 1635
 1669
   17
 1683
  522
 1683
   50
   73
 1669
   73
   73
 1675
 1698
 1645
   90
   17
   57
 1622
   17
   33
   50
   33
  949
  365
 1675
  949
    8
   67
   67
 1622
 1669
 1122
  949
 1122
   73
  949
 1683
   50
 1635
 1692
   57
 1122
 1122
   33
 1675
 1675
   62
   50
 1675
 1692
 1675
 1683
   90
 1622
   73
 1622
   27
   33
   67
 1669
 1669
 1675
   90
   90
   50
   90
   50
   50
 1683
   57
 1675
   67
 1622
   67
   57
 1622
   67
 1645
 1683
 1683
   33
   33
 1675
   33
   57
   50
   50
   50
   27
  839
  635
 1683
 1683
 1675
   27
 1683
 1675
   27
 1683
 1675
   67
   33
 1675
   50
   67
  787
   67
   57
   50
   50
   50
 1675
  949
 1645
   62
   62
   62
   50
 1635
 1635
 1635
 1635
 1669
 1622
  839
 1622
 1692
   50
 1622
 1683
 1622
 1283
 1622
   27
 1645
   50
   73
 1645
 1635
 1656
   50
 1656
 1651
 1656
 1656
 1622
 1669
   73
   50
 1669
 1635
 1669
 1669
 1635
 1622
  949
 1622
 1622
 1622
   73
   17
   17
   27
   50
   73
   67
 1645
   73
   73
 1635
 1635
 1622
   57
   57
   67
 1622
   67
 1683
   67
 1675
 1622
 1622
 1656
   57
 1622
   67
 1622
 1675
 1622
   33
   33
   33
  787
   90
 1622
 1622
   50
 1698
 1698
   67
   73
   67
 1694
   67
   27
 1656
   67
   67
   67
   33
   67
 1683
   67
   50
   67
   50
 1669
   33
   57
 1622
 1622
   50
   57
   50
   50
 1675
   67
 1651
 1651
 1651
 1651
 1675
 1622
   50
   17
   17
   17
   17
   67
   17
   67
   17
   67
   17
   17
 1669
   33
 1656
   17
   17
   17
   17
 1675
  635
   90
 1698
 1635
   90
   90
 1635
  787
   67
   90
   33
   33
 1635
   33
   33
  787
 1656
  365
  365
   67
   90
  839
   33
 1698
 1698
 1698
   17
 1669
   33
   90
 1669
 1669
   73
   33
   73
   33
   73
   67
 1683
   67
 1635
  949
   90
 1698
 1675
   17
   17
   57
   57
   57
 1698
 1698
 1698
   57
 1689
   57
 1689
   57
 1675
 1702
   57
 1675
   33
 1683
   27
 1635
   50
  949
 1683
 1683
   67
   67
 1656
   33
 1683
   67
 1656
 1656
   27
   33
 1656
   33
 1656
   90
   33
   33
   90
   27
 1622
 1622
   27
   33
   17
   33
 1698
   67
 1656
 1622
 1622
 1656
  949
   50
   17
   17
 1669
   17
   17
 1675
 1656
 1656
 1656
 1622
 1669
   67
   17
   50
 1622
 1675
 1622
 1622
   73
   73
   73
   67
 1675
 1698
   90
 1698
 1675
 1675
   78
   73
 1675
 1656
 1656
 1656
   67
   67
   27
   27
 1651
   90
 1675
 1635
 1669
   73
 1656
 1669
 1669
 1698
   90
   27
 1689
   90
   33
   90
   50
 1683
 1698
 1622
 1635
   33
   33
   27
 1675
 1675
   50
   17
   17
 1656
   73
   17
 1622
   17
   17
   33
 1622
 1683
 1683
 1683
 1651
   67
 1683
   17
 1622
 1635
 1635
   33
 1656
 1669
 1669
 1675
   50
  949
   73
   73
 1669
   67
 1622
 1669
   67
 1656
 1669
 1669
   67
   67
   57
   57
   67
 1669
   50
 1669
   57
 1669
   50
   57
   50
   50
   50
 1669
   57
 1669
