    1
    2
    3
    4
    5
    6
    7
    8
    9
   10
   11
   12
   13
   14
   15
   16
   17
   18
   19
   20
   21
   22
   23
   24
   25
   26
   27
   28
   29
   30
   31
   32
   33
   34
   35
   36
   37
   38
   39
   40
   41
   42
   43
   44
   45
   46
   47
   48
   49
   50
   51
   52
   53
   54
   55
   56
   57
   58
   59
   60
   61
   62
   63
   64
   65
   66
   67
   68
   69
   70
   71
   72
   73
   74
   75
   76
   77
   78
   79
   80
   81
   82
   83
   84
   85
   86
   87
   88
   89
   90
   91
   92
   93
   94
   95
   96
   97
   98
   99
  100
  101
    3
    5
    7
    8
    9
   12
   14
   16
   18
   20
   22
   24
   25
   27
   29
   31
   33
   34
   36
   38
   39
   41
   43
   46
   46
   47
   49
   50
   52
   53
   55
   56
   58
   60
   62
   66
   68
   70
   72
   74
   75
   77
   79
   81
   82
   85
   87
   89
   91
   92
   94
   96
   98
  155
  156
    3
    5
    5
    8
    8
   11
   12
   14
   16
   17
   19
   21
   21
   25
   26
   29
   30
   30
   32
   34
   38
   40
   40
   41
   46
   47
   50
   50
   50
   55
   57
   65
   66
   69
   69
   71
   73
   75
   77
   79
   80
   82
   82
   85
   86
   89
   90
   92
   94
   97
   98
  208
  209
  209
    5
    8
    8
   12
   12
   14
   14
   17
   20
   21
   23
   26
   26
   26
   30
   30
   32
   36
   36
   38
   40
   42
   42
   46
   47
   50
   50
   52
   57
   59
   61
   65
   66
   69
   73
   73
   73
   77
   79
   79
   82
   82
   85
   86
   86
   89
   94
   97
  261
  261
  261
  262
  262
  262
    5
    8
   12
   14
   20
   20
   21
   26
   26
   32
   36
   36
   36
   36
   38
   42
   42
   42
   46
   50
   50
   52
   55
   59
   61
   61
   66
   73
   73
   79
   79
   82
   82
   85
   86
   89
   89
   94
   94
  363
  363
  307
  307
  308
  364
  364
  364
    8
    8
   12
   14
   14
   14
   21
   23
   26
   26
   26
   30
   30
   36
   36
   36
   40
   42
   42
   42
   46
   50
   50
   50
   55
   55
   61
   61
   61
   61
   66
   66
   69
   73
   73
   73
   79
   79
   82
   82
   82
   86
   86
   89
   89
   89
   94
   94
  363
  363
  363
  363
  364
  364
  364
  460
    8
    8
   12
   14
   14
   14
   14
   21
   21
   21
   26
   26
   30
   36
   36
   36
   36
   42
   42
   42
   46
   50
   50
   55
   55
   61
   61
   61
   66
   66
   69
   73
   73
   79
   82
   82
   82
   86
   89
   89
   89
   94
  459
  459
  363
  413
  414
  460
  460
    8
   12
   14
   14
   14
   21
   21
   26
   26
   30
   36
   36
   42
   42
   46
   50
   50
   50
   55
   55
   61
   61
   61
   61
   66
   69
   73
   73
   73
   73
   82
   82
   82
   86
   89
   89
   94
  459
  459
  459
  459
  459
  459
  460
  460
  460
  460
    8
   14
   14
   14
   14
   21
   26
   26
   26
   26
   30
   30
   36
   36
   36
   36
   42
   42
   42
   50
   50
   50
   55
   55
   55
   61
   66
   66
   66
   66
   73
   73
   73
   73
   79
   79
   82
   82
   82
   89
   89
   89
  459
  459
  459
  459
  511
  511
  512
  512
  565
  565
  565
   14
   14
   14
   14
   26
   26
   26
   26
   26
   26
   36
   36
   36
   36
   36
   42
   42
   42
   42
   50
   50
   50
   50
   55
   55
   55
   61
   61
   61
   66
   66
   66
   66
   73
   79
   82
   82
   82
   82
   86
   89
   89
  619
  619
  619
  511
  564
  564
  565
  565
  565
  565
  565
  565
   14
   14
   14
   14
   14
   14
   26
   26
   26
   26
   26
   36
   36
   36
   36
   42
   42
   42
   42
   42
   50
   50
   50
   50
   55
   55
   61
   61
   66
   66
   66
   66
   73
   73
   73
   73
   82
   82
   82
   82
   82
   89
  619
  619
  619
  619
  619
  619
  619
  620
  620
  762
   14
   14
   14
   14
   26
   26
   26
   26
   26
   26
   36
   36
   36
   36
   36
   42
   42
   42
   50
   50
   50
   55
   55
   61
   61
   61
   61
   66
   66
   73
   73
   73
   79
   82
   82
  619
  619
  619
  619
  619
  619
  664
  665
  665
  762
  762
   14
   14
   14
   26
   26
   26
   26
   36
   36
   36
   42
   42
   42
   42
   50
   50
   50
   50
   55
   55
   61
   61
   61
   66
   66
   66
   66
   73
   73
   73
   73
   82
   82
   82
  619
  619
  619
  619
  619
  761
  710
  710
  711
  762
  762
  762
  762
  762
  762
   14
   14
   14
   14
   26
   26
   26
   26
   36
   36
   36
   36
   42
   42
   42
   42
   50
   50
   50
   55
   55
   55
   61
   61
   66
   66
   66
   73
   73
   73
   82
   82
   82
   82
   82
   82
  916
  619
  619
  619
  761
  761
  761
  761
  762
  762
  762
  762
  762
  762
  762
  762
   14
   14
   26
   26
   26
   26
   36
   36
   36
   36
   42
   42
   42
   42
   50
   50
   50
   55
   55
   55
   61
   61
   66
   66
   66
   73
   73
   73
   73
   73
   82
   82
   82
  916
  916
  916
  916
  916
  761
  761
  811
  811
  812
  812
  762
  762
  762
  762
  762
  762
  762
 1562
   14
 1571
 1571
 1571
 1571
   26
 1581
   36
   36
   36
   36
   42
 1592
 1592
 1592
 1593
   50
   50
 1600
   55
 1609
 1609
 1609
 1609
 1621
 1621
 1621
 1621
 1621
 1628
 1628
 1628
 1634
  916
  916
  916
  916
  916
  916
  862
  862
  863
  812
  762
  762
 1078
  762
  762
  762
 1562
 1562
 1571
 1571
 1571
 1571
 1571
 1571
 1581
 1581
 1581
 1581
 1581
 1587
 1587
 1592
 1592
 1593
 1593
 1600
 1600
 1600
 1604
 1609
 1609
 1609
 1609
 1609
 1609
 1609
 1621
 1621
 1621
 1621
 1628
 1634
  916
  916
  916
  916
  916
  916
  916
  916
  916
  916
  917
  917
  812
 1078
 1078
 1078
 1078
 1078
 1558
 1562
 1562
 1562
 1571
 1571
 1571
 1571
 1581
 1581
 1581
 1581
 1581
 1581
 1587
 1587
 1587
 1592
 1592
 1592
 1593
 1600
 1600
 1604
 1609
 1609
 1609
 1609
 1609
 1621
 1621
 1621
 1621
 1621
 1628
 1628
 1634
 1634
 1634
 1634
  916
  916
  916
  916
  916
  916
  971
  972
  972
 1078
 1078
 1078
 1078
 1558
 1562
 1562
 1562
 1562
 1571
 1571
 1571
 1571
 1571
 1571
 1581
 1581
 1581
 1581
 1581
 1587
 1592
 1592
 1592
 1593
 1600
 1600
 1600
 1604
 1604
 1609
 1609
 1609
 1609
 1609
 1621
 1621
 1621
 1621
 1628
 1628
 1628
 1634
 1634
 1634
  916
  916
  916
 1131
  916
 1025
 1025
 1026
 1078
 1078
 1078
 1078
 1078
 1078
 1558
 1562
 1562
 1562
 1571
 1571
 1571
 1571
 1581
 1581
 1581
 1581
 1587
 1587
 1587
 1592
 1593
 1593
 1600
 1604
 1604
 1604
 1609
 1609
 1609
 1609
 1609
 1609
 1621
 1621
 1621
 1621
 1628
 1628
 1628
 1628
 1634
 1634
 1634
  916
  916
 1131
 1131
 1131
 1077
 1078
 1078
 1078
 1078
 1078
 1558
 1558
 1562
 1562
 1562
 1571
 1571
 1571
 1571
 1571
 1571
 1574
 1581
 1581
 1581
 1581
 1587
 1587
 1587
 1592
 1592
 1593
 1600
 1600
 1600
 1604
 1604
 1604
 1609
 1609
 1609
 1609
 1609
 1621
 1621
 1621
 1621
 1628
 1634
 1634
 1634
 1634
 1638
 1131
 1131
 1131
 1131
 1131
 1131
 1132
 1132
 1078
 1078
 1078
 1078
 1555
 1558
 1558
 1562
 1565
 1571
 1571
 1571
 1571
 1571
 1574
 1574
 1581
 1581
 1587
 1587
 1587
 1587
 1592
 1593
 1593
 1600
 1600
 1604
 1604
 1609
 1609
 1609
 1609
 1615
 1621
 1621
 1621
 1621
 1628
 1628
 1634
 1634
 1634
 1634
 1638
 1131
 1131
 1131
 1183
 1183
 1184
 1184
 1235
 1078
 1555
 1558
 1558
 1562
 1565
 1571
 1571
 1571
 1571
 1574
 1574
 1581
 1581
 1587
 1587
 1587
 1592
 1593
 1593
 1593
 1600
 1600
 1604
 1604
 1609
 1609
 1609
 1609
 1615
 1615
 1621
 1621
 1621
 1621
 1628
 1628
 1628
 1634
 1634
 1634
 1638
 1638
 1131
 1131
 1285
 1285
 1234
 1235
 1235
 1235
 1235
 1235
 1558
 1558
 1562
 1565
 1565
 1569
 1571
 1571
 1574
 1574
 1579
 1581
 1581
 1581
 1581
 1587
 1587
 1593
 1593
 1593
 1600
 1600
 1604
 1604
 1606
 1609
 1609
 1609
 1615
 1615
 1621
 1621
 1621
 1621
 1621
 1628
 1634
 1634
 1634
 1634
 1638
 1638
 1396
 1285
 1285
 1285
 1286
 1286
 1286
 1286
 1555
 1555
 1558
 1558
 1565
 1569
 1571
 1571
 1571
 1574
 1574
 1574
 1579
 1581
 1581
 1587
 1587
 1587
 1592
 1592
 1593
 1593
 1596
 1600
 1600
 1604
 1604
 1606
 1609
 1609
 1609
 1614
 1615
 1615
 1615
 1621
 1621
 1621
 1621
 1628
 1628
 1634
 1634
 1634
 1634
 1638
 1638
 1396
 1396
 1396
 1341
 1341
 1342
 1342
 1286
 1552
 1555
 1555
 1558
 1558
 1562
 1562
 1565
 1569
 1569
 1571
 1571
 1574
 1574
 1577
 1577
 1579
 1581
 1581
 1584
 1587
 1589
 1592
 1593
 1596
 1600
 1604
 1604
 1606
 1609
 1609
 1609
 1609
 1614
 1615
 1615
 1619
 1621
 1621
 1621
 1628
 1628
 1630
 1634
 1634
 1634
 1638
 1638
 1642
 1396
 1396
 1396
 1397
 1397
 1397
 1552
 1555
 1558
 1558
 1562
 1562
 1563
 1565
 1567
 1571
 1571
 1574
 1579
 1579
 1582
 1584
 1587
 1587
 1589
 1592
 1593
 1596
 1598
 1600
 1600
 1604
 1606
 1606
 1609
 1612
 1614
 1615
 1619
 1621
 1621
 1624
 1624
 1628
 1630
 1634
 1634
 1636
 1638
 1642
 1445
 1445
 1446
 1550
 1551
 1552
 1555
 1555
 1558
 1560
 1562
 1563
 1565
 1571
 1572
 1573
 1577
 1579
 1581
 1583
 1584
 1587
 1589
 1590
 1591
 1593
 1595
 1597
 1598
 1600
 1604
 1606
 1609
 1611
 1613
 1614
 1615
 1619
 1619
 1621
 1624
 1625
 1628
 1628
 1630
 1638
 1640
 1642
 1643
 1644
 1495
 1495
 1496
 1550
 1554
 1556
 1557
 1559
 1561
 1563
 1565
 1566
 1567
 1568
 1571
 1572
 1574
 1576
 1578
 1580
 1581
 1582
 1584
 1586
 1588
 1590
 1594
 1597
 1601
 1602
 1604
 1606
 1608
 1609
 1609
 1612
 1614
 1616
 1618
 1620
 1625
 1626
 1628
 1628
 1631
 1632
 1634
 1636
 1637
 1639
 1640
 1643
 1645
 1547
 1548
 1549
 1550
 1551
 1552
 1553
 1554
 1555
 1556
 1557
 1558
 1559
 1560
 1561
 1562
 1563
 1564
 1565
 1566
 1567
 1568
 1569
 1570
 1571
 1572
 1573
 1574
 1575
 1576
 1577
 1578
 1579
 1580
 1581
 1582
 1583
 1584
 1585
 1586
 1587
 1588
 1589
 1590
 1591
 1592
 1593
 1594
 1595
 1596
 1597
 1598
 1599
 1600
 1601
 1602
 1603
 1604
 1605
 1606
 1607
 1608
 1609
 1610
 1611
 1612
 1613
 1614
 1615
 1616
 1617
 1618
 1619
 1620
 1621
 1622
 1623
 1624
 1625
 1626
 1627
 1628
 1629
 1630
 1631
 1632
 1633
 1634
 1635
 1636
 1637
 1638
 1639
 1640
 1641
 1642
 1643
 1644
 1645
 1646
 1647
    6
   10
   12
   14
   16
   22
   23
   26
   35
   37
   39
   41
   56
   67
   68
   69
   74
   75
   82
   83
   88
  156
    9
   14
   19
   25
   30
   30
   38
   42
   46
   49
   50
   52
   64
   65
   69
   71
   85
   86
   86
   92
   96
  209
    5
   12
   14
   17
   20
   21
   23
   26
   29
   32
   36
   50
   50
   55
   55
   61
   59
   61
   66
   73
   80
   85
  262
   12
   14
   14
   17
   30
   36
   40
   42
   42
   46
   55
   61
   61
   66
   66
   69
   79
   85
   86
   89
   94
  261
  308
    8
   12
   23
   26
   26
   36
   46
   55
   55
   55
   69
   73
   73
   79
   86
   89
   94
  363
  363
  460
    8
   14
   14
   21
   26
   26
   26
   30
   36
   36
   42
   46
   50
   50
   50
   55
   61
   69
   73
   73
   79
   86
   89
  364
  460
   14
   14
   26
   30
   36
   36
   36
   36
   50
   55
   73
   73
   73
   73
   79
   82
   82
   86
  459
  459
  460
  565
   26
   30
   36
   36
   36
   42
   42
   55
   73
   73
   89
   89
   89
  511
  565
  565
  565
   14
   14
   26
   26
   36
   36
   42
   42
   50
   50
   50
   55
   55
   61
   73
   73
   82
   82
   82
   86
   89
   89
  564
  565
   14
   14
   26
   26
   36
   36
   42
   50
   55
   55
   61
   61
   66
   73
   82
   82
   89
   89
  619
  619
  619
  619
  762
  762
  762
   26
   26
   36
   42
   50
   50
   55
   61
   61
   66
   66
   82
   82
   82
   89
   89
  619
  620
  762
  762
  762
   14
   14
   14
   14
   14
   36
   36
   42
   42
   50
   50
   55
   73
   73
   82
   82
   82
   89
  619
  619
  761
  711
  762
   14
   26
   26
   26
   36
   42
   55
   55
   61
   61
   66
   73
   73
   73
   82
  619
  762
  762
  762
   14
   26
   26
   36
   36
   42
   42
   42
 1592
   50
   50
   50
   50
   55
   55
   61
   61
 1609
   66
 1609
   73
   73
 1621
   73
  916
  916
  619
  811
  762
  762
   14
   26
   26
 1571
 1581
 1587
 1592
   50
 1600
   55
 1609
   66
 1609
 1609
   82
  916
  916
  916
  916
  916
  916
  862
 1078
 1078
 1562
 1562
 1562
 1581
 1581
 1581
   36
   36
 1587
 1592
 1600
 1600
 1609
 1609
 1621
 1621
 1628
 1634
  916
  916
  917
  762
 1558
 1562
 1562
 1571
 1571
 1571
 1571
 1581
 1592
 1592
 1593
 1604
 1621
 1621
 1621
 1621
 1628
 1628
  916
  916
 1078
 1078
 1078
 1562
 1571
 1581
 1581
 1581
 1581
 1581
 1587
 1593
 1600
 1604
 1609
 1621
 1628
 1634
 1078
 1078
 1558
 1558
 1571
 1581
 1581
 1581
 1592
 1593
 1600
 1604
 1604
 1609
 1609
 1621
 1621
 1621
 1634
 1634
 1634
  916
 1131
 1131
 1078
 1078
 1078
 1562
 1562
 1571
 1581
 1581
 1581
 1581
 1587
 1592
 1593
 1600
 1604
 1609
 1609
 1621
 1621
 1621
 1628
 1634
 1131
 1078
 1078
 1078
 1558
 1562
 1571
 1574
 1574
 1581
 1592
 1600
 1600
 1604
 1609
 1615
 1621
 1621
 1628
 1131
 1183
 1184
 1184
 1555
 1558
 1562
 1569
 1571
 1581
 1581
 1581
 1592
 1600
 1604
 1604
 1609
 1609
 1609
 1615
 1621
 1621
 1634
 1634
 1634
 1638
 1638
 1183
 1285
 1235
 1235
 1562
 1569
 1571
 1581
 1587
 1587
 1587
 1592
 1593
 1606
 1609
 1621
 1634
 1396
 1396
 1562
 1562
 1565
 1565
 1569
 1571
 1574
 1581
 1584
 1593
 1609
 1609
 1609
 1609
 1615
 1628
 1638
 1396
 1397
 1558
 1562
 1569
 1574
 1579
 1581
 1584
 1587
 1587
 1609
 1609
 1612
 1615
 1621
 1628
 1630
 1634
 1638
 1638
 1396
 1396
 1396
 1577
 1593
 1593
 1600
 1606
 1609
 1609
 1615
 1615
 1628
 1628
 1638
 1638
 1643
 1644
 1550
 1552
 1563
 1565
 1566
 1574
 1579
 1581
 1583
 1584
 1587
 1587
 1593
 1596
 1602
 1608
 1611
 1615
 1628
 1630
 1638
 1643
 1495
 1551
 1553
 1560
 1569
 1582
 1586
 1592
 1610
 1613
 1617
 1623
 1626
 1627
 1629
 1632
 1645
   12
   16
   34
   45
   58
  156
   11
   17
   21
   23
   36
   38
   40
   42
   55
   60
   66
   67
   69
   71
   73
   84
   89
  208
   14
   17
   55
   69
   73
   73
   79
   94
    8
    8
    8
   23
   30
   42
   50
   55
   89
  307
  364
   14
   36
   40
   50
   66
   66
   82
  363
  364
   14
   21
   26
   36
   42
   42
   50
   79
   82
  460
    8
   42
   42
   50
   50
   61
   66
   79
   82
   89
   14
   14
   26
   36
   42
   66
  512
  565
   14
   36
   66
   82
   89
  459
  565
  565
   36
   36
   61
   79
   82
  620
   14
   14
   26
   42
   42
   82
   82
  619
  664
   42
   42
   73
   82
  761
   26
   50
   55
   73
  619
  761
  762
   26
   42
   42
   50
   61
   66
  916
  916
  761
  916
  762
 1571
   36
   42
   50
   55
 1609
 1621
   82
 1634
  916
  916
  863
 1571
 1571
 1581
 1581
 1628
 1634
  916
  916
  917
 1562
 1571
 1571
 1600
 1609
  972
 1571
 1581
 1592
 1593
 1609
 1621
 1621
  916
 1025
 1562
 1571
 1581
 1581
 1593
 1600
 1609
 1078
 1562
 1571
 1574
 1592
 1600
 1609
 1628
 1634
 1132
 1078
 1562
 1581
 1593
 1604
 1634
 1078
 1571
 1574
 1581
 1587
 1628
 1131
 1562
 1587
 1604
 1621
 1584
 1592
 1596
 1621
 1342
 1558
 1558
 1562
 1571
 1574
 1600
 1621
 1634
 1638
 1397
 1579
 1587
 1596
 1600
 1606
 1619
 1634
 1640
 1445
 1553
 1555
 1562
 1567
 1573
 1577
 1584
 1585
 1589
 1592
 1591
 1595
 1598
 1604
 1604
 1609
 1619
 1636
 1638
 1638
 1642
 1644
 1570
 1576
 1589
 1596
 1599
 1601
 1622
 1634
 1642
   19
   30
   32
   42
   51
   53
   65
   71
   90
   94
   94
   42
   46
   55
   50
   50
  413
  414
   14
   82
   42
   61
   82
   14
  665
  665
   42
   26
   36
  916
 1581
 1628
 1562
 1593
 1551
 1562
 1573
 1579
 1579
 1583
 1593
 1611
 1624
 1630
    9
   40
   42
   49
   57
   17
   19
   32
   36
   38
   50
   57
   59
   67
   73
   82
   90
    8
   42
   66
   66
  363
   14
  565
   26
   66
   82
   82
   66
   36
  665
   26
   50
   26
   42
 1621
  761
   42
  812
  916
  916
 1581
 1634
  916
  972
 1562
 1600
 1621
  916
 1078
 1592
 1132
 1562
 1581
 1234
 1184
 1609
 1342
 1555
 1626
 1446
 1585
 1603
 1619
 1622
 1630
 1643
 1571
 1632
 1645
   17
   64
   84
  459
   55
  761
 1593
   11
   36
   42
   71
   84
   14
   82
   61
   66
  565
  619
  761
  916
  916
  917
 1600
 1609
 1609
 1581
 1634
 1592
 1621
 1558
 1600
 1587
 1445
 1555
 1577
 1589
 1595
 1598
  665
 1562
 1624
    6
    9
   42
   48
   55
   82
   82
   14
  916
 1078
 1592
 1397
 1555
 1571
 1577
 1584
 1590
 1634
 1640
 1234
 1598
 1563
 1604
   17
   35
  812
  916
  916
 1026
 1446
 1603
   54
   44
   50
   73
   26
  812
  916
 1634
 1592
 1234
 1571
 1446
 1613
 1634
 1634
 1640
 1597
 1547
   48
  155
 1025
 1077
   48
 1569
   34
   14
 1609
 1077
 1609
 1183
 1609
 1600
   44
 1604
 1634
 1579
 1604
 1635
   49
  262
 1609
 1131
 1571
 1183
 1581
 1587
 1578
   14
   46
   42
  971
 1584
 1496
 1600
 1571
 1571
 1621
 1558
 1569
 1571
   26
 1587
 1558
 1558
 1565
  664
  762
   50
  619
  762
  762
 1562
 1557
   89
   30
 1575
  762
 1286
   21
 1571
  619
 1562
   69
 1078
 1574
 1638
 1558
   30
 1575
 1286
   88
   42
 1571
 1571
 1627
  459
 1634
   79
   61
   61
 1619
  761
 1634
   89
   79
 1078
 1630
 1619
   26
   73
   42
   61
 1634
 1285
 1612
   26
   61
   29
   30
 1604
  762
 1571
 1609
   30
  262
   14
   36
 1617
  762
 1615
   36
 1634
   61
   97
   61
  762
 1562
 1574
 1592
 1617
   66
 1634
 1600
   14
 1615
   60
  209
   97
   61
  459
   14
 1615
 1617
 1621
   97
   14
 1592
   66
   17
 1606
 1581
 1621
 1592
   14
  762
  209
   73
  811
  762
 1621
 1638
 1581
   14
   14
   66
   14
 1638
   26
 1639
   14
   73
   50
 1587
   14
   73
 1571
 1638
 1640
   50
   73
 1587
   73
   73
   61
 1600
   26
 1396
   66
   73
 1587
   73
 1396
 1619
 1587
 1587
  664
   50
 1600
   79
 1602
   61
   80
   14
   82
   79
   14
   66
 1131
   61
   14
  762
   66
 1556
 1584
 1594
   55
 1555
   82
   82
   89
  565
 1131
    8
   50
   80
  762
 1595
   55
   14
    8
  565
  762
   36
   42
 1609
 1609
 1577
  762
   59
  565
 1131
   82
 1131
    5
   85
   89
   82
 1562
   55
   50
   14
   94
 1341
   61
 1396
   14
   36
 1609
  762
   59
   58
   73
   94
   50
  619
   36
 1607
   86
   94
   86
  762
 1285
   58
   86
   50
  762
   42
   73
   59
   59
 1607
   95
   69
   82
   42
  916
 1634
 1555
   86
   86
   86
  619
 1571
 1555
   26
 1567
   63
   86
   89
 1621
   38
   66
    8
  261
 1558
 1560
  565
   36
   14
 1598
 1621
   36
   82
   36
 1598
  511
 1604
  208
    3
   66
   73
 1581
 1593
   21
   82
   50
  208
   79
   42
   73
 1609
   42
   79
 1551
 1574
 1614
   36
 1609
 1609
 1609
   66
   66
   33
 1581
 1615
 1636
 1552
 1551
   36
   33
   36
   66
   36
 1634
   66
 1552
    7
   20
 1572
 1634
 1552
 1609
 1582
 1636
    7
   20
  511
 1609
   14
 1621
   86
 1582
  916
 1581
 1582
   96
 1574
   36
 1604
 1621
   36
  916
   52
   52
   36
  916
 1571
 1571
   52
   79
   42
 1620
   51
   79
 1615
   52
   52
 1621
   92
 1621
   36
 1621
 1131
 1612
 1638
   82
   79
 1621
   36
 1593
 1612
 1560
 1600
 1131
 1611
   30
   50
 1600
 1571
   36
 1611
 1612
   23
   59
 1555
 1628
   33
 1285
   23
   36
  460
   42
   23
  460
 1571
   89
  916
 1600
   82
   97
   97
 1615
   89
 1621
 1609
   42
   46
 1609
 1600
 1558
  364
   26
   26
  761
  916
   26
 1609
   66
  364
  761
  364
   26
    8
   14
   73
   46
 1609
 1581
   94
   50
 1571
   73
   26
   73
   80
  619
  916
   85
   42
  619
  619
   50
 1621
  916
 1634
 1621
 1595
   96
   80
 1567
 1621
 1621
 1621
   50
   26
 1621
 1621
 1621
   80
   97
   40
 1078
 1593
   26
  761
   26
   26
   26
 1598
   26
   26
 1600
  862
  363
   14
  459
 1562
   14
  916
   14
 1604
 1562
 1562
  459
 1558
   12
  916
 1562
 1626
 1634
 1562
   12
   55
 1634
   42
   26
   85
   82
   61
   82
 1634
   46
    8
   46
  762
 1600
    8
  363
 1593
 1562
 1571
   26
 1587
  762
 1600
   71
 1552
 1600
 1562
   26
   26
  762
   77
 1562
 1600
   86
   26
 1600
   26
   73
 1600
 1569
 1565
 1592
   50
   14
   14
   82
 1621
 1636
 1569
 1587
   91
 1078
   91
   91
   49
 1581
 1552
 1565
  619
 1581
 1565
 1552
 1577
   66
 1609
   82
 1628
 1634
 1606
   66
   65
 1131
 1644
 1589
 1587
 1589
 1581
   61
   47
   61
   25
 1558
 1615
   50
   25
   42
 1604
  565
 1628
 1559
   25
   91
 1630
   26
  619
 1630
 1615
 1592
 1574
  364
 1600
 1609
 1609
 1600
   36
   89
   36
 1558
 1235
 1078
 1184
   36
 1569
 1558
   97
 1571
 1638
 1569
 1569
 1558
 1577
 1569
 1587
 1574
 1569
 1624
 1634
 1626
 1624
 1634
   89
 1624
   61
  916
   89
 1624
   89
   89
 1634
  459
   17
   14
 1579
 1642
 1634
   32
 1607
 1640
 1624
   33
 1608
   33
  761
   38
 1638
  620
  761
 1606
   20
 1607
 1634
 1606
 1581
  460
 1593
   55
 1604
  917
 1624
  812
  812
 1634
   42
   52
   26
 1626
 1626
   42
 1626
   73
 1634
  460
   42
 1625
   73
 1621
   73
 1562
   73
   40
 1342
 1562
   20
   89
 1593
 1286
 1286
 1593
   73
 1577
   85
 1581
   73
 1581
 1581
 1615
   63
   63
 1581
   63
   63
   63
   63
   63
 1581
 1596
 1581
   61
   61
 1596
   55
   86
 1581
   66
 1596
 1571
   66
 1571
 1562
   61
   66
 1592
   69
 1558
   36
 1558
 1589
 1131
   50
 1615
   50
 1600
  619
 1558
  460
  460
   14
    8
 1609
   77
 1609
  762
 1604
   17
 1609
  916
 1609
   89
 1604
 1604
  916
   55
 1604
   66
   66
  619
   79
 1609
   82
   50
   26
 1078
 1574
 1628
 1571
   21
   21
   21
    8
 1628
 1571
   21
 1571
   21
   66
 1571
  916
 1571
   66
  619
 1584
   61
 1642
   61
 1584
 1642
 1643
 1615
   12
   12
 1596
    8
   12
   46
 1636
   46
   66
 1615
   66
 1634
   14
   46
 1606
   14
   69
  762
 1643
 1634
   46
 1571
   14
   69
   86
 1558
  812
 1571
 1183
 1621
   55
 1621
 1565
 1593
 1565
   86
   42
   89
  460
   26
 1574
  812
  619
  460
  619
   82
 1621
  619
 1612
 1612
 1609
   85
   94
  460
   59
 1581
    8
 1581
 1581
   32
 1581
 1581
 1581
   66
 1581
 1581
   66
 1630
   55
   66
 1587
 1632
   55
 1632
   55
 1632
   82
   94
  459
 1593
   82
    8
   66
    8
    8
   73
 1609
 1609
 1634
   55
 1638
 1586
   36
   55
 1600
   42
   69
   42
   30
   42
   55
 1600
   55
 1600
  261
   55
  916
   79
 1555
 1396
   69
 1621
 1606
 1587
   73
   30
   42
   69
 1552
   30
   73
 1552
 1621
 1628
    5
   21
   73
 1581
    8
 1634
 1634
    5
 1634
 1634
    5
  364
 1642
   26
  364
 1628
 1634
 1397
  364
   52
 1592
 1593
   52
   52
 1593
 1184
 1587
   89
   66
   89
 1584
   26
   73
 1584
 1624
 1584
   26
   75
 1574
 1624
 1636
 1638
  364
   30
 1600
 1624
 1558
 1600
 1558
 1600
 1562
 1604
 1396
 1600
 1600
 1558
 1600
 1558
   47
 1558
   82
 1628
 1628
 1628
   79
   26
  762
   30
   40
   40
 1600
 1606
 1558
 1558
   14
 1634
 1634
   94
 1634
   94
   12
 1571
 1628
 1628
 1638
 1571
   36
 1638
 1638
   36
   46
   42
 1604
   94
 1604
 1604
 1078
 1604
 1604
   94
 1604
 1604
   73
   89
   66
   94
   73
 1600
 1131
 1571
 1600
   61
   40
   89
   82
 1609
   50
  459
 1628
   46
 1571
  363
 1571
 1131
 1286
 1286
 1285
   89
   94
  619
 1131
 1078
 1078
 1078
   94
   94
   36
   36
   26
 1634
   36
   26
   69
 1555
  619
 1555
 1555
 1634
   82
   36
   66
 1131
  565
 1621
   42
 1609
   42
  762
   30
   66
 1604
   66
 1604
  262
 1609
   73
 1634
 1131
   26
  460
   26
 1555
 1555
 1562
 1555
   61
   14
   14
 1078
 1555
 1614
 1555
 1581
   82
   86
 1078
 1558
   61
   79
 1078
   79
   79
  619
 1592
 1592
 1592
 1593
  363
 1569
   61
 1609
 1565
   61
   66
  565
 1628
 1634
  565
  565
   61
 1609
 1584
   42
 1574
  460
 1621
 1571
   12
 1571
   50
 1574
 1600
 1581
 1581
   89
 1628
 1638
 1615
 1555
   30
 1131
  762
 1078
  565
 1078
  762
 1574
  916
   36
  916
 1078
    8
    8
 1571
 1600
 1131
 1600
   36
  619
   36
   21
   21
  459
 1579
   42
   66
   66
   66
   66
   66
   82
  459
  762
  762
   66
   14
 1614
 1614
 1614
   73
 1581
 1581
   36
 1593
 1396
 1628
 1593
 1587
   30
 1621
   36
 1235
   36
 1621
 1609
   55
 1634
   73
   21
 1638
 1078
 1638
 1638
   66
 1638
 1638
   66
   79
 1621
 1587
 1587
 1593
 1565
   42
 1609
 1604
 1638
   73
 1604
 1604
 1609
 1078
 1558
 1609
   82
   30
 1609
   42
 1609
   69
 1587
   42
 1131
 1609
 1587
 1609
 1131
  916
 1609
   73
   14
 1555
  565
   36
 1615
   36
 1615
   82
 1558
   55
   46
 1604
   14
 1609
   73
   14
 1600
   89
   36
   50
 1562
   36
   50
   73
 1574
 1562
    8
 1562
 1562
   46
   73
  565
 1078
  565
  565
 1600
   50
  565
   50
  565
   14
   36
   14
   14
   14
   21
 1579
 1596
   61
 1587
  565
   82
 1634
   82
   89
   82
 1634
  762
 1642
  762
   61
 1574
   66
   14
   14
   55
  565
   26
 1628
 1628
 1628
   36
   46
   82
  916
 1628
 1628
 1628
   14
 1609
 1621
 1621
 1621
 1621
   36
  761
 1621
   73
 1562
   94
 1131
   69
 1581
 1584
   42
 1581
 1562
   66
   61
   66
  761
   73
 1581
   66
 1581
   55
 1628
   73
 1609
   89
 1609
 1628
   26
 1634
 1600
   66
   73
   42
   61
   42
 1634
 1571
 1634
   66
   73
   42
 1609
 1584
 1604
   42
   42
   14
 1621
   42
   89
   86
 1621
  565
   79
 1621
   66
   79
   66
   36
   26
   26
   26
   55
   55
 1078
 1571
   14
   66
   66
   14
   66
   40
   61
  619
 1600
 1574
 1558
 1558
 1558
   26
   66
 1609
 1574
   36
   50
   82
 1621
 1609
  762
 1634
 1581
 1634
   73
 1571
 1571
 1615
   42
 1628
 1555
  459
 1621
   42
   36
   42
   42
   46
   66
 1558
   66
 1634
 1562
 1562
 1562
 1562
   55
  619
 1587
 1587
 1587
   61
   61
   61
   20
  916
   20
   61
   55
 1571
 1565
 1621
 1621
   50
 1621
  916
 1609
 1621
   42
 1628
 1628
   42
 1606
 1587
 1621
   82
   36
 1621
   36
   50
 1628
  762
 1600
 1562
   66
   55
  916
 1587
 1571
 1131
 1574
 1600
  565
  565
  565
  565
   14
   42
 1634
   26
   21
   42
   14
   42
  762
  916
 1587
   55
   61
   61
   50
 1078
 1592
 1592
  916
   73
 1571
    8
   14
   82
   36
   42
   14
   50
   36
   14
 1581
 1078
   86
   86
  619
   86
   61
   61
   42
   14
 1615
   42
 1615
 1621
   42
  762
   36
   36
   89
   42
   36
   79
   26
   79
 1609
 1621
 1587
 1592
 1592
 1078
   55
 1581
 1078
   21
   21
 1621
   21
   50
   21
 1621
  762
 1587
 1621
   66
 1638
 1638
   89
   82
 1621
   82
  916
 1621
    8
   14
   61
    8
 1593
   66
   73
   73
   73
 1571
   30
 1621
 1621
 1628
   26
   42
   50
   50
  762
  619
 1628
   55
  916
 1604
  916
 1604
   89
 1604
   73
   42
   82
 1634
 1634
 1574
   50
   66
 1634
   73
    8
   66
   89
   73
 1609
 1609
 1634
 1600
 1609
 1600
 1562
 1600
   42
   89
 1562
 1600
 1562
 1621
 1587
 1592
   26
 1562
 1587
 1562
   36
   36
   36
 1609
   14
 1628
 1621
 1628
  762
 1621
   50
   50
 1621
   26
   14
   14
 1562
 1634
  619
 1628
 1628
 1593
 1593
   42
 1562
 1562
 1131
 1634
 1569
   89
   30
   30
   66
 1628
 1581
 1593
 1571
 1593
 1571
   55
   21
 1581
   55
   55
 1078
 1587
 1581
   55
   55
   36
 1628
   61
   14
 1593
   55
   66
   50
 1592
   55
   30
   30
   30
 1609
 1609
 1609
 1609
 1621
   26
 1621
 1571
 1604
   82
   82
   61
   61
   14
 1571
 1628
 1634
 1600
 1634
 1628
 1581
  916
   21
   14
 1562
 1579
 1571
 1621
 1621
  619
   73
   14
 1634
   36
   36
   36
 1634
 1621
   36
 1571
 1571
   42
 1571
   14
   14
 1571
 1621
   82
  762
 1628
   61
 1628
 1562
  916
   73
   36
   55
   42
   26
 1558
 1634
   26
 1592
 1609
 1587
 1609
   82
   50
   82
 1621
 1604
   50
   50
   61
   66
 1621
 1609
 1609
 1609
 1609
 1609
 1587
 1587
 1587
 1600
 1600
 1609
 1581
   73
 1584
 1628
 1558
 1628
   73
   73
   61
 1581
  916
   73
 1558
   73
 1581
   36
 1600
   50
   36
   36
   14
   79
   14
  916
   14
   14
 1571
   82
   50
   82
 1581
 1628
 1581
 1562
   55
 1600
   73
   12
   14
 1574
 1571
   14
 1571
 1574
 1574
 1574
 1571
 1587
   82
 1634
   42
 1634
  565
   42
   73
 1628
   73
 1634
   73
  916
   73
 1634
   73
 1571
   36
   66
   36
 1609
 1621
 1628
   42
   50
 1587
  762
   30
   30
   89
 1609
 1609
 1609
 1609
   14
   14
   14
   26
   73
   14
   73
   55
   66
   55
   66
   73
   73
   66
   26
   73
   82
   26
   36
   36
 1581
 1609
   14
  916
 1587
  762
 1600
 1621
 1600
   55
 1581
   26
 1604
 1628
 1592
 1592
   73
   50
   36
 1609
 1592
 1587
   26
   26
   26
 1600
   55
 1571
 1609
 1609
   89
   66
   14
 1562
 1600
 1587
 1581
   26
   26
   26
   61
   26
 1592
 1558
 1628
   42
 1628
  916
   82
  916
   36
   36
 1587
 1584
   50
  762
  762
 1581
 1600
 1600
   79
  916
 1600
 1571
   36
 1571
   36
   61
 1571
   26
 1571
   50
   61
  762
 1581
 1581
 1581
 1581
   66
   50
   89
 1571
   42
   42
 1592
   21
  619
 1558
   82
  619
   42
   79
   42
   79
 1581
 1562
  762
   14
   14
   82
   82
   26
  762
   50
   66
   26
   50
   36
   36
 1587
   14
   14
   14
   73
   42
   42
   26
   26
 1621
 1628
 1621
 1581
 1621
 1581
 1621
   82
   42
   82
   82
 1628
  762
  762
 1621
   30
 1621
 1621
   55
 1562
   26
 1581
   82
   82
 1592
   82
 1628
 1587
   26
 1600
   26
   26
 1600
   55
 1621
 1621
   26
   36
 1621
 1628
 1571
 1571
   66
 1587
 1562
   55
   50
 1609
   50
 1609
  916
 1592
 1592
   50
   50
 1571
 1592
 1592
   73
   73
   42
 1581
 1581
   50
   61
   14
   26
   73
   26
   26
   82
 1628
   82
   61
 1592
   61
 1609
 1571
 1562
 1562
   73
 1609
 1638
   52
 1558
 1587
 1600
  619
 1600
 1604
 1604
 1609
 1581
   55
 1562
 1562
 1562
 1562
 1562
   26
   14
   73
   73
   73
 1571
 1571
 1571
 1571
 1604
 1604
   14
 1571
   26
   55
 1600
 1604
 1604
   50
 1609
 1581
 1604
   82
   26
 1592
 1562
   26
   26
 1604
   26
   50
 1571
 1593
 1593
   50
 1587
   66
  762
   21
   21
   50
 1592
 1562
 1592
 1581
 1581
 1581
   55
  762
  762
  762
   26
  762
   42
 1593
 1609
   66
 1609
 1609
   55
 1593
   82
   66
 1600
   50
 1592
 1593
 1593
 1593
 1584
 1592
   42
 1581
   55
 1562
  762
   26
 1609
 1634
 1600
   26
   42
 1600
   82
   50
 1621
 1621
 1621
 1621
 1609
   26
   26
   26
  916
   26
   26
   14
 1600
 1628
   21
 1621
   82
   55
   26
 1600
   26
 1628
 1628
  565
   21
 1600
 1600
 1600
   55
 1621
 1600
   50
   82
   55
 1609
 1581
   55
 1600
  762
   32
  916
   26
 1581
 1628
  916
 1581
 1609
  762
  762
 1615
   50
 1609
 1628
   50
   82
 1628
 1630
 1562
 1562
 1609
 1615
   55
 1604
 1621
 1628
   55
 1621
 1621
 1621
 1628
 1609
 1628
   55
   55
 1628
   55
   61
 1628
