    1
    2
    3
    4
    5
    6
    7
    8
    9
   10
   11
   12
   13
   14
   15
   16
   17
   18
   19
   20
   21
   22
   23
   24
   25
   26
   27
   28
   29
   30
   31
   32
   33
   34
   35
   36
   37
   38
   39
   40
   41
   42
   43
   44
   45
   46
   47
   48
   49
   50
   51
   52
   53
   54
   55
   56
   57
   58
   59
   60
   61
   62
   63
   64
   65
   66
   67
   68
   69
   70
   71
   72
   73
   74
   75
   76
   77
   78
   79
   80
   81
   82
   83
   84
   85
   86
   87
   88
   89
   90
   91
   92
   93
   94
   95
   96
   97
   98
   99
  100
  101
    3
    5
    7
    8
   11
   12
   15
   17
   20
   24
   25
   26
   29
   31
   33
   33
   36
   39
   42
   43
   46
   47
   50
   50
   52
   52
   55
   57
   57
   62
   64
   67
   69
   70
   72
   73
   75
   78
   80
   81
   84
   85
   87
   89
   90
   92
   95
   96
   98
  151
  152
    3
    5
    5
    8
   11
   11
   11
   14
   17
   17
   17
   20
   23
   26
   29
   29
   30
   33
   33
   33
   38
   40
   40
   42
   42
   45
   47
   50
   50
   50
   54
   57
   57
   59
   64
   67
   67
   69
   71
   73
   73
   78
   80
   80
   82
   84
   84
   86
   90
   92
   95
   97
   97
  206
  207
  207
    5
    8
   11
   11
   11
   17
   17
   17
   20
   23
   23
   26
   29
   29
   29
   33
   33
   33
   33
   40
   42
   42
   50
   50
   50
   54
   57
   57
   59
   59
   59
   67
   67
   69
   73
   73
   73
   73
   78
   78
   80
   84
   84
   90
   90
   90
   90
   95
   95
   97
   97
  261
  261
  262
  368
  368
    5
   11
   11
   11
   17
   17
   17
   20
   23
   23
   29
   29
   33
   33
   33
   33
   33
   33
   42
   42
   50
   50
   50
   50
   50
   50
   59
   59
   59
   67
   67
   73
   73
   73
   73
   73
   78
   90
   90
   90
   90
   90
   95
   95
   97
   97
  261
  312
  313
  368
  368
  368
   11
   11
   11
   17
   17
   17
   17
   23
   23
   23
   26
   29
   29
   33
   33
   33
   33
   33
   50
   50
   50
   50
   50
   50
   50
   50
   57
   57
   59
   59
   59
   59
   67
   67
   67
   73
   73
   73
   73
   90
   90
   90
   90
   90
   90
   95
   95
  367
  367
  367
  367
  368
  368
  368
  368
   11
   17
   17
   17
   17
   17
   17
   17
   23
   23
   23
   23
   23
   29
   33
   33
   33
   33
   33
   50
   50
   50
   50
   50
   50
   57
   57
   59
   59
   59
   59
   67
   67
   73
   73
   73
   73
   73
   90
   90
   90
   90
   90
   90
   90
   90
   95
   95
  367
  367
  422
  423
  368
  368
   17
   17
   17
   17
   17
   17
   17
   17
   17
   23
   23
   23
   33
   33
   33
   33
   33
   33
   50
   50
   50
   50
   50
   50
   50
   50
   57
   57
   59
   59
   59
   59
   59
   67
   73
   73
   73
   73
   73
   73
   90
   90
   90
   90
   90
   95
  475
  475
  475
  475
  476
  585
  585
   17
   17
   17
   17
   17
   17
   17
   23
   23
   23
   23
   23
   33
   33
   33
   33
   33
   33
   33
   33
   50
   50
   50
   50
   50
   50
   50
   50
   50
   59
   59
   59
   59
   73
   73
   73
   73
   73
   73
   73
   73
   90
   90
   90
   90
   90
   90
  799
  799
  584
  529
  530
  585
  585
  585
   17
   17
   17
   17
   17
   23
   23
   23
   33
   33
   33
   33
   33
   33
   50
   50
   50
   50
   50
   50
   50
   50
   50
   50
   50
   50
   59
   59
   59
   59
   73
   73
   73
   73
   73
   73
   73
   73
   73
   90
   90
   90
   90
   90
   90
   90
  799
  584
  584
  584
  584
  585
  585
  585
  585
   17
   17
   17
   17
   17
   17
   23
   23
   23
   23
   33
   33
   33
   33
   33
   33
   50
   50
   50
   50
   50
   50
   50
   50
   50
   50
   59
   59
   59
   59
   59
   73
   73
   73
   73
   73
   73
   73
   90
   90
   90
   90
   90
  799
  799
  799
  799
  799
  638
  638
  639
  585
  693
  585
   17
   17
   17
   17
   17
   23
   23
   23
   33
   33
   33
   33
   33
   33
   33
   50
   50
   50
   50
   50
   50
   50
   50
   50
   50
   50
   59
   59
   59
   59
   73
   73
   73
   73
   73
   73
   73
   73
   73
   90
   90
   90
   90
  799
  799
  799
  799
  799
  799
  692
  693
  693
  693
  693
   17
   17
   17
   17
 1648
 1648
 1648
 1648
   23
   33
   33
   33
   33
   33
   33
   33
   50
   50
   50
   50
   50
   50
   50
   50
   50
   50
   50
   59
   59
   73
   73
   73
   73
   73
   73
   73
   73
   90
   90
   90
   90
  799
  799
  799
  799
  799
  799
  745
  745
  746
  693
  693
   17
   17
   17
   17
 1648
 1648
 1648
   33
   33
   33
   33
   33
   33
   33
   33
   50
   50
   50
   50
   50
   50
   50
   50
   50
   50
   50
   59
   73
   73
   73
   73
   73
   73
   73
   73
   90
   90
   90
   90
   90
   90
   90
   90
  799
  799
  799
  799
  799
  799
  799
  799
  800
  800
  693
   17
   17
   17
   17
 1648
 1648
 1648
 1648
   33
   33
   33
   33
   33
   33
   33
   33
   33
   33
   50
   50
   50
   50
   50
   50
   50
   50
   50
   50
   50
   73
   73
   73
   73
   73
   73
   73
   73
   73
   90
   90
   90
   90
   90
   90
  799
  799
  799
  799
  799
  852
  853
  853
  693
   17
   17
   17
   17
   17
   17
 1648
 1648
 1648
 1648
 1648
 1648
   33
   33
   33
   33
   33
   33
   33
   33
   33
   33
   50
   50
   50
   50
   50
   50
   50
   50
   50
   50
   50
   50
   50
   50
   73
   73
   73
   73
   73
   73
   73
   90
   90
   90
   90
   90
   90
   90
   90
   90
  799
  799
  799
  799
  913
  913
  914
  853
  853
   17
   17
   17
   17
 1648
 1648
 1648
 1648
 1648
 1648
   33
   33
   33
   33
   33
   33
   33
   33
   33
   50
   50
   50
   50
   50
   50
   50
 1696
   50
   50
   50
 1701
 1701
 1701
   73
   73
   73
 1709
 1709
 1709
 1709
   90
   90
   90
   90
   90
   90
   90
  799
  799
  799
  799
  799
  970
  970
  971
  853
 1142
   17
 1648
 1648
 1648
 1648
 1648
 1648
 1648
 1648
 1648
 1661
   33
   33
   33
   33
   33
   33
   33
   33
   33
   50
   50
   50
   50
   50
   50
   50
   50
 1696
 1696
 1696
 1696
 1696
 1701
 1701
 1701
 1701
   73
 1709
 1709
 1709
 1709
   90
   90
   90
   90
   90
  799
  799
  799
  799
 1025
 1026
 1026
 1142
 1142
   17
 1648
 1648
 1648
 1648
 1648
 1648
 1648
 1648
 1648
 1661
 1661
 1661
 1661
 1661
   33
   33
   33
   33
   33
   33
   50
   50
   50
   50
   50
 1696
 1696
 1696
 1696
 1696
 1701
 1701
 1701
 1701
 1709
 1709
 1709
 1709
 1709
   90
   90
   90
   90
   90
   90
   90
  799
  799
  799
  799
 1083
 1083
 1083
 1084
 1142
 1142
 1142
 1142
 1648
 1648
 1648
 1648
 1648
 1648
 1648
 1648
 1661
 1661
 1661
 1661
 1671
 1671
   33
 1671
 1671
   33
   33
   33
   50
   50
   50
   50
 1696
 1696
 1696
 1696
 1696
 1696
 1701
 1701
 1701
 1701
 1709
 1709
 1709
 1709
 1709
 1709
 1709
 1709
   90
   90
   90
   90
   90
  799
  799
 1307
 1307
 1083
 1141
 1142
 1142
 1142
 1142
 1648
 1648
 1648
 1648
 1648
 1648
 1648
 1648
 1648
 1661
 1661
 1661
 1661
 1661
 1671
 1671
 1671
 1671
 1671
   33
   33
 1682
   50
 1682
 1682
 1696
 1696
 1696
 1696
 1696
 1696
 1696
 1701
 1701
 1701
 1701
 1701
 1709
 1709
 1709
 1709
 1709
 1709
 1709
 1709
   90
   90
   90
 1724
 1724
 1307
 1307
 1307
 1307
 1201
 1201
 1202
 1142
 1142
 1142
 1142
 1648
 1648
 1648
 1648
 1648
 1648
 1648
 1661
 1661
 1661
 1661
 1661
 1671
 1671
 1671
 1671
 1682
 1682
 1682
 1682
 1682
 1696
 1696
 1696
 1696
 1696
 1701
 1701
 1701
 1701
 1701
 1709
 1709
 1709
 1709
 1709
 1709
 1709
   90
 1724
 1724
 1724
 1307
 1307
 1307
 1307
 1253
 1254
 1308
 1142
 1142
 1648
 1648
 1648
 1648
 1648
 1648
 1648
 1661
 1661
 1661
 1671
 1671
 1671
 1671
 1671
 1671
 1671
 1671
 1682
 1682
 1682
 1682
 1682
 1682
 1682
 1696
 1696
 1696
 1696
 1701
 1701
 1701
 1701
 1701
 1709
 1709
 1709
 1709
 1709
 1709
 1709
 1718
 1724
 1724
 1307
 1307
 1307
 1307
 1307
 1307
 1308
 1308
 1308
 1142
 1648
 1648
 1648
 1648
 1648
 1648
 1648
 1648
 1648
 1661
 1661
 1661
 1661
 1671
 1671
 1671
 1671
 1671
 1671
 1677
 1682
 1682
 1682
 1682
 1682
 1696
 1696
 1696
 1701
 1701
 1701
 1701
 1709
 1709
 1709
 1709
 1709
 1709
 1718
 1718
 1724
 1724
 1724
 1724
 1724
 1724
 1307
 1307
 1307
 1307
 1362
 1363
 1363
 1308
 1308
 1648
 1648
 1648
 1648
 1648
 1648
 1648
 1648
 1661
 1661
 1661
 1661
 1661
 1665
 1665
 1671
 1671
 1671
 1671
 1671
 1677
 1677
 1682
 1682
 1682
 1682
 1682
 1685
 1685
 1696
 1696
 1696
 1701
 1701
 1701
 1701
 1705
 1705
 1709
 1709
 1709
 1709
 1709
 1709
 1718
 1718
 1724
 1724
 1724
 1724
 1724
 1727
 1727
 1483
 1483
 1483
 1424
 1424
 1425
 1308
 1308
 1648
 1648
 1648
 1648
 1648
 1652
 1654
 1661
 1661
 1661
 1661
 1665
 1665
 1665
 1665
 1667
 1671
 1671
 1671
 1677
 1677
 1682
 1682
 1682
 1685
 1688
 1690
 1696
 1696
 1696
 1701
 1701
 1701
 1701
 1705
 1705
 1705
 1709
 1709
 1709
 1709
 1709
 1718
 1718
 1724
 1724
 1724
 1724
 1724
 1727
 1727
 1727
 1483
 1483
 1483
 1483
 1484
 1484
 1484
 1642
 1646
 1648
 1648
 1648
 1652
 1654
 1654
 1661
 1661
 1665
 1665
 1667
 1671
 1671
 1677
 1677
 1677
 1682
 1682
 1682
 1685
 1688
 1688
 1690
 1696
 1696
 1701
 1701
 1701
 1705
 1705
 1709
 1709
 1709
 1709
 1715
 1718
 1720
 1724
 1724
 1727
 1727
 1727
 1730
 1733
 1483
 1534
 1535
 1535
 1642
 1642
 1642
 1646
 1648
 1650
 1652
 1654
 1656
 1661
 1661
 1661
 1663
 1665
 1667
 1669
 1671
 1673
 1673
 1677
 1679
 1682
 1682
 1682
 1685
 1688
 1693
 1698
 1701
 1701
 1705
 1705
 1709
 1709
 1712
 1713
 1715
 1718
 1718
 1720
 1721
 1724
 1727
 1730
 1732
 1733
 1734
 1584
 1585
 1640
 1642
 1644
 1646
 1647
 1649
 1651
 1653
 1654
 1656
 1657
 1658
 1661
 1662
 1665
 1670
 1671
 1673
 1674
 1677
 1677
 1680
 1684
 1686
 1688
 1692
 1692
 1693
 1696
 1698
 1699
 1701
 1702
 1705
 1706
 1709
 1710
 1712
 1715
 1716
 1718
 1720
 1721
 1721
 1724
 1726
 1727
 1729
 1730
 1733
 1736
 1637
 1638
 1639
 1640
 1641
 1642
 1643
 1644
 1645
 1646
 1647
 1648
 1649
 1650
 1651
 1652
 1653
 1654
 1655
 1656
 1657
 1658
 1659
 1660
 1661
 1662
 1663
 1664
 1665
 1666
 1667
 1668
 1669
 1670
 1671
 1672
 1673
 1674
 1675
 1676
 1677
 1678
 1679
 1680
 1681
 1682
 1683
 1684
 1685
 1686
 1687
 1688
 1689
 1690
 1691
 1692
 1693
 1694
 1695
 1696
 1697
 1698
 1699
 1700
 1701
 1702
 1703
 1704
 1705
 1706
 1707
 1708
 1709
 1710
 1711
 1712
 1713
 1714
 1715
 1716
 1717
 1718
 1719
 1720
 1721
 1722
 1723
 1724
 1725
 1726
 1727
 1728
 1729
 1730
 1731
 1732
 1733
 1734
 1735
 1736
 1737
    6
   10
   12
   14
   16
   22
   23
   26
   35
   37
   39
   41
   56
   67
   68
   69
   74
   75
   82
   83
   88
  152
    8
   11
   14
   17
   25
   29
   30
   42
   50
   50
   52
   64
   65
   69
   71
   84
   90
   90
   90
   92
   95
   97
  207
    5
   11
   17
   17
   20
   23
   26
   29
   33
   33
   50
   50
   54
   57
   59
   62
   67
   73
   80
   84
   90
  262
   17
   17
   17
   17
   29
   33
   33
   33
   42
   42
   50
   57
   59
   59
   67
   67
   73
   73
   78
   78
   90
   90
   90
   90
   95
   97
  313
   11
   17
   23
   23
   29
   33
   50
   50
   50
   57
   59
   73
   73
   78
   90
   90
   90
   90
   95
  367
   11
   11
   17
   17
   23
   23
   23
   33
   33
   33
   50
   50
   50
   50
   50
   50
   50
   59
   67
   73
   73
   73
   73
   90
  368
  368
   17
   17
   33
   33
   33
   33
   33
   33
   50
   50
   50
   50
   57
   59
   73
   73
   73
   73
   73
   90
   90
   90
  475
  476
  368
   17
   23
   33
   33
   33
   50
   50
   73
   73
   73
   73
   90
   90
   90
   17
   17
   17
   17
   23
   33
   33
   50
   50
   50
   50
   50
   50
   59
   59
   73
   73
   73
   73
   73
   90
   90
   90
   90
   90
   90
  584
  585
   17
   17
   23
   33
   33
   33
   50
   50
   50
   50
   50
   59
   59
   59
   73
   73
   73
   90
   90
   90
   90
  799
  799
  799
  799
  799
  693
   17
 1648
   23
   23
   33
   50
   50
   50
   50
   59
   59
   73
   73
   90
   90
  799
  799
  585
  693
   17
   17
   17
 1648
 1648
 1648
 1648
   33
   33
   33
   50
   50
   50
   50
   50
   50
   73
   73
   90
   90
   90
  799
  799
  799
  746
  693
   17
 1648
 1648
   23
   33
   33
   33
   33
   50
   50
   59
   59
   73
   73
   73
   73
   90
  799
  693
   17
   17
   17
   17
   17
 1648
   33
   33
   33
   33
   33
   50
   50
   50
   50
   50
   50
   50
   50
   50
   50
   50
   73
   73
   73
   73
   73
 1709
   73
  799
  799
  799
  852
   17
   17
 1648
 1648
 1648
 1648
 1648
   33
   33
   33
   33
   33
   50
   50
   50
   50
   73
   73
   73
   90
   90
   90
   90
   90
  799
  799
  799
  913
   17
   17
 1648
 1648
 1648
   33
   33
   33
   33
   33
   33
 1696
   50
   50
   50
   73
 1709
 1709
   73
   90
   90
  799
  970
 1142
 1142
 1648
 1648
 1648
 1648
 1648
 1648
   33
   33
   50
   50
   50
 1696
 1701
 1709
 1709
 1709
 1709
 1709
   90
   90
   90
 1025
 1142
 1142
 1142
 1648
 1648
 1648
   33
   33
   33
 1671
   33
   33
   50
 1696
 1696
 1701
 1709
 1709
 1709
   90
   90
 1142
 1648
 1648
 1648
 1661
 1671
 1671
   33
   50
   50
 1696
 1696
 1696
 1701
 1701
 1709
 1709
 1709
   90
   90
   90
   90
 1307
 1307
 1142
 1648
 1648
 1648
 1661
 1671
 1671
 1671
 1671
 1671
   33
   50
 1682
 1682
 1696
 1709
 1709
 1709
   90
   90
 1307
 1142
 1142
 1648
 1648
 1648
 1648
 1661
 1661
 1661
 1661
 1682
 1682
 1696
 1696
 1696
 1701
 1701
 1701
 1709
 1709
 1709
 1307
 1253
 1308
 1142
 1648
 1648
 1648
 1648
 1661
 1661
 1671
 1671
 1671
 1682
 1696
 1696
 1696
 1696
 1701
 1701
 1701
 1701
 1709
 1709
 1709
 1709
 1724
   90
   90
 1724
 1724
 1307
 1307
 1308
 1142
 1648
 1648
 1661
 1661
 1661
 1671
 1677
 1677
 1682
 1682
 1682
 1696
 1696
 1696
 1701
 1701
 1705
 1709
 1724
 1724
 1307
 1483
 1308
 1648
 1648
 1648
 1648
 1654
 1661
 1661
 1665
 1665
 1671
 1671
 1682
 1701
 1701
 1701
 1701
 1705
 1718
 1727
 1483
 1484
 1308
 1648
 1648
 1665
 1667
 1671
 1671
 1677
 1682
 1682
 1690
 1701
 1701
 1701
 1709
 1709
 1718
 1718
 1718
 1724
 1727
 1727
 1483
 1483
 1483
 1661
 1665
 1682
 1682
 1688
 1693
 1696
 1696
 1701
 1701
 1705
 1718
 1724
 1727
 1727
 1733
 1734
 1640
 1642
 1646
 1652
 1654
 1663
 1669
 1671
 1673
 1677
 1677
 1677
 1685
 1688
 1692
 1701
 1701
 1713
 1718
 1720
 1724
 1727
 1733
 1584
 1641
 1643
 1650
 1659
 1667
 1672
 1676
 1682
 1687
 1700
 1703
 1707
 1713
 1716
 1717
 1719
 1722
 1735
   12
   15
   34
   45
   58
  152
   11
   17
   21
   23
   36
   40
   54
   59
   60
   67
   67
   69
   71
   73
   84
   90
  151
   17
   17
   69
   73
   73
   95
   11
   11
   17
   23
   23
   42
   50
   57
   95
  312
  368
   17
   33
   33
   50
   57
   67
   90
   95
  368
   17
   23
   33
   50
   50
   50
   78
   90
  368
   17
   17
   50
   50
   50
   59
   59
   73
   90
   90
   17
   23
   33
   50
   59
   90
  530
  585
   17
   33
   33
   73
   90
   90
  799
  585
  585
   33
   59
   73
   90
  585
   17
   17
   33
   50
   50
   90
   90
  799
  692
   17
   23
   33
   50
   73
   90
  799
   33
   50
   50
   73
  799
  799
  800
   33
   50
   50
   50
   50
   73
   90
   90
  799
  799
  693
   17
   33
   33
   50
   50
   50
   73
   73
   90
   90
   90
   90
  799
  799
  971
 1648
   33
   33
   50
   90
   90
   90
  799
  971
 1648
 1661
 1696
 1696
 1701
   73
 1709
   90
 1026
 1142
 1648
   33
   33
   50
   50
 1701
 1709
 1083
 1661
 1661
 1671
 1671
   50
 1696
 1701
 1142
 1648
 1648
 1661
 1671
 1682
 1682
 1696
 1696
 1709
 1709
   90
   90
 1202
 1142
 1648
 1648
 1671
 1682
 1724
 1142
 1648
 1661
 1671
 1671
 1671
 1718
 1307
 1696
 1696
 1696
 1709
 1671
 1682
 1685
 1709
 1718
 1425
 1648
 1648
 1648
 1661
 1665
 1671
 1696
 1709
 1724
 1727
 1484
 1308
 1667
 1677
 1685
 1692
 1696
 1709
 1724
 1730
 1534
 1642
 1646
 1652
 1663
 1667
 1677
 1675
 1679
 1682
 1681
 1685
 1688
 1693
 1698
 1709
 1727
 1727
 1727
 1732
 1734
 1660
 1666
 1679
 1686
 1689
 1691
 1712
 1724
 1732
   19
   33
   42
   51
   54
   65
   71
   90
   95
   95
   42
   50
   59
   50
   50
   67
  368
   17
   90
   50
   17
   50
   59
 1648
  693
  693
   50
   33
   33
  799
   33
   90
 1648
 1648
 1682
 1709
 1641
 1652
 1663
 1667
 1669
 1673
 1682
 1685
 1693
 1701
 1713
 1720
    9
   14
   40
   42
   57
   17
   19
   33
   33
   37
   50
   59
   67
   73
   82
    5
   42
   67
   17
  585
   33
   90
   90
   33
  693
 1648
   50
   33
   50
  799
   50
  853
   90
  799
   33
   90
   90
 1026
 1648
 1648
   50
 1709
 1142
 1682
 1142
 1648
   90
 1308
 1425
 1648
 1690
 1709
 1535
 1659
 1675
 1693
 1701
 1709
 1712
 1720
 1733
 1661
 1722
   17
   64
   84
   50
  799
   50
   11
   36
   37
   38
   42
   54
   71
   84
  206
   17
   90
   59
   59
  585
 1648
  799
   23
  799
  799
  799
  971
 1648
   50
 1083
 1701
 1671
 1724
 1671
 1671
 1682
 1648
 1696
 1677
 1534
 1667
 1679
 1685
 1688
  693
 1652
 1714
   42
   42
   48
   54
   57
   67
   90
  853
  799
 1671
 1701
 1682
 1648
 1675
 1688
 1693
 1680
 1724
 1730
 1307
 1688
 1652
 1713
   17
   36
   59
   50
  853
 1084
  422
   54
   45
   49
    5
   38
   50
  853
 1661
 1715
 1724
 1724
 1730
 1736
   50
   59
  151
 1083
   59
   48
  799
   35
 1083
   90
 1307
 1584
   45
 1730
 1667
 1083
    5
 1661
 1725
 1637
   59
 1675
   73
 1682
 1702
 1690
   37
 1690
   17
 1648
 1696
 1690
 1701
 1696
 1690
 1690
  262
 1709
 1690
 1690
   17
 1690
  368
 1701
 1671
 1648
 1661
 1709
   33
 1682
  368
 1648
   45
   50
 1661
   33
   50
 1661
 1709
 1709
   67
   33
 1709
 1654
  799
 1308
   33
 1661
 1308
   50
   73
   33
 1648
 1677
   50
 1648
   17
   88
   17
 1665
   26
  475
   17
 1705
 1661
 1724
   90
 1661
 1665
   17
 1665
   26
 1705
 1718
  799
 1705
   23
   78
   23
   50
   17
 1648
 1696
 1705
 1718
   29
 1648
 1661
   78
 1724
   23
 1705
   17
   73
   59
   29
   50
   59
   73
   59
 1201
   59
 1724
   29
   73
 1201
   59
   90
 1201
 1707
   17
 1696
   26
   30
  800
 1483
 1709
 1696
   97
 1696
 1727
 1307
 1665
   97
   17
   97
 1730
 1648
 1142
 1307
   17
 1142
 1661
 1661
 1307
   14
   33
 1307
 1661
 1677
 1307
   17
 1661
 1661
   17
   14
 1677
 1661
 1661
 1709
 1677
   73
   90
   90
 1661
   17
   59
 1677
 1696
 1724
   17
   17
   80
 1706
   90
   62
   80
   59
   17
 1697
 1706
 1721
 1671
  207
   17
   59
   73
 1648
 1665
 1696
 1483
   17
 1671
 1648
   17
 1709
   59
   86
   17
   73
   17
   50
 1696
 1709
 1702
 1307
   17
   59
 1646
   86
   33
   59
   73
 1307
   95
 1483
   95
   73
   33
    8
 1646
  799
   33
   73
   23
   33
   95
   50
   50
   87
   95
 1692
 1685
   86
   50
 1701
   95
   86
   50
  476
 1682
   67
 1642
   86
   82
   50
 1682
   73
 1682
 1682
   23
   82
 1682
   23
   23
   59
   50
   50
   50
   17
   59
   50
    8
   17
   17
   17
    8
   90
   50
   90
   26
   95
 1648
 1648
 1142
 1696
   78
 1696
   17
   73
 1724
 1696
   28
 1648
 1648
   78
   90
 1083
 1727
 1709
  584
   90
   78
   78
 1648
   90
   78
   90
 1701
 1673
   50
   17
   90
 1648
    3
   50
   50
 1648
   59
   80
   90
   23
   50
  799
   50
 1661
   23
  585
   33
   17
    5
 1642
   33
 1308
   50
   20
 1648
  368
 1701
   50
   17
   50
 1709
   90
 1701
    8
   73
   90
 1648
   90
 1701
   17
   73
   33
   17
 1701
 1701
   17
 1705
 1705
   80
  261
 1705
   17
 1648
   33
 1661
 1705
   50
 1142
   23
   33
   17
   50
   17
   33
 1671
 1736
   33
 1671
   62
   80
   90
   67
   90
 1667
  799
   23
 1685
   90
    5
  799
   17
    5
   90
    5
  799
   33
   90
   33
   90
   90
   59
   33
 1682
 1709
  799
   90
   87
 1709
 1727
   87
   33
 1671
 1661
 1727
 1650
 1709
   33
   33
   73
   73
 1646
   73
 1661
   50
   54
   73
 1709
  585
   73
   78
   17
   17
 1709
 1307
   90
 1307
 1696
   17
   50
 1709
 1307
   11
   33
   50
   50
   50
 1671
   33
 1701
   33
   33
   33
   33
   17
 1648
   95
   33
   33
   33
   17
 1665
  799
   23
 1696
  799
   84
   33
   11
   23
 1661
   23
   23
   40
 1709
   90
   23
 1648
   23
  799
   33
  584
   90
   90
   90
   50
   33
  692
   90
   33
   33
   90
   23
 1650
   73
   78
 1705
   17
 1661
   73
   78
   73
 1661
 1656
 1656
   73
 1654
   73
  970
 1648
   73
  970
   23
   33
   50
 1701
  970
 1648
   95
   90
 1701
 1709
 1083
   78
   17
   33
   73
   73
 1709
   95
   73
 1709
 1709
   50
   17
   17
  207
   23
   50
   23
 1709
 1652
   33
   90
   90
 1709
 1682
   90
 1709
  367
   11
 1308
   50
  367
   33
   50
 1709
 1661
 1724
   90
  585
 1696
   50
 1696
 1724
 1671
 1724
 1671
   33
 1657
 1709
   33
 1724
 1083
   50
 1661
 1642
   23
   44
  799
   90
 1701
   50
   33
   44
   17
 1483
   11
   11
 1648
 1648
 1307
 1307
   33
 1682
   90
 1724
 1682
   50
    9
   50
 1677
 1642
   73
 1648
 1709
 1642
 1709
 1682
   73
   73
 1648
   90
 1693
   50
   73
   11
  693
   78
   33
 1718
 1661
   84
 1696
 1308
   50
   50
   50
   50
 1648
 1709
 1308
   33
   90
 1705
 1705
   90
   50
 1709
 1696
 1696
 1484
   90
 1705
   17
  800
 1648
 1648
 1709
 1734
 1696
 1696
 1696
   33
   90
   23
   33
 1718
   67
 1648
 1718
 1696
 1718
   59
   23
   50
   90
 1705
 1682
   90
   95
 1652
 1716
   23
 1648
 1715
 1682
 1716
   52
   23
 1682
 1648
   52
   50
   90
 1083
 1682
   90
   50
   37
 1671
   50
 1671
   23
   90
 1727
   33
  799
   90
 1661
   59
   50
 1654
 1661
 1661
   59
 1654
   90
 1661
 1654
   26
 1671
 1642
   26
 1693
 1693
 1709
   33
 1709
 1724
   50
 1724
 1724
   67
   90
  475
 1724
   90
 1701
 1661
   50
  475
  367
 1648
 1727
 1677
 1677
   90
  367
 1648
  367
 1661
   67
   67
   90
 1648
   67
   90
 1648
   90
   50
  799
 1648
 1648
   33
 1648
   33
   57
 1648
  368
 1648
 1648
   57
   57
 1648
   57
 1648
 1709
   20
   26
 1709
   17
   73
   26
   26
 1701
   90
   90
    5
 1701
   17
 1648
   90
 1696
   50
   90
   59
   23
 1701
   17
   50
 1307
   73
   17
   50
 1648
   44
   73
 1671
   44
 1727
   44
   17
   33
 1709
   23
   50
 1709
   23
   90
 1709
   23
  799
   50
   73
   90
   90
   90
   23
   90
 1142
 1709
   90
   90
 1682
   33
 1696
   57
   90
 1696
  693
 1671
    8
   23
 1648
  800
   33
   95
   93
   33
   33
   95
 1724
  585
  585
  585
   33
  585
   17
   17
   50
   90
   62
   90
   90
   62
   73
   50
 1730
   50
   50
   33
   50
   90
   50
   50
   50
   50
   50
   73
   50
 1724
   62
   33
   50
 1724
 1724
   33
   33
  853
 1724
   33
  853
  799
 1709
   20
   20
   69
   17
   54
   20
 1671
   54
   20
   95
 1648
  368
  368
   57
   73
   90
 1648
   33
 1661
 1661
   17
  799
  799
   59
 1701
 1696
   50
 1701
 1142
   50
   20
 1671
 1671
 1671
 1682
 1701
   90
   90
   20
   23
  799
   11
  799
 1671
 1671
  799
  799
  799
 1648
  799
  799
 1661
  799
 1648
   90
 1685
   33
 1307
  584
   17
 1709
 1718
   33
   17
   33
 1307
   33
  585
   33
 1671
   33
   73
 1661
   17
 1648
   17
 1667
   33
   17
  799
 1677
   90
   33
   33
 1667
   33
   33
   73
   50
 1648
   78
   73
   50
   73
   50
   50
   11
 1661
 1701
   33
   50
   11
   33
 1661
   50
   50
 1661
   73
   90
   73
   90
   50
 1718
   73
   26
   17
 1718
   73
   50
   50
   59
   73
   73
   59
   73
 1701
 1727
   59
   95
 1665
 1307
   33
   50
   33
   59
   59
   73
   90
   90
  368
  368
   33
 1648
   29
 1701
  368
   33
   33
   29
 1709
   29
   29
   29
   59
   33
   23
   73
   90
 1654
   17
   50
   33
 1654
   33
 1709
   11
   17
   33
 1727
 1718
 1709
   33
 1727
   33
 1727
   33
   17
   33
   17
 1661
   33
 1661
   90
   50
   23
   90
 1677
   50
 1677
   33
 1724
   90
 1677
 1677
  584
 1483
   33
   90
  584
  584
   59
  584
  584
   33
  584
 1661
   17
 1682
   73
   50
   33
   17
   33
   33
   33
 1648
   73
   50
   90
   73
   50
 1696
   50
   33
   29
   50
   50
  367
   90
   50
 1654
  367
 1696
 1654
   17
   90
 1724
 1648
 1696
 1724
 1696
 1661
   73
   23
   90
 1648
 1671
 1696
   73
   90
 1696
   33
   33
   50
   90
 1696
 1709
   33
   73
   23
 1688
   90
 1709
   57
   33
 1709
   50
 1709
   17
   23
 1696
   23
 1696
 1696
   33
   33
 1654
 1696
 1709
   23
   67
   57
   67
   67
  693
 1724
   57
   59
  693
 1724
  693
   59
  693
  693
   59
 1696
 1696
   90
 1696
   50
   73
   50
   33
   33
   33
   33
   73
 1648
   73
   33
   23
   59
   73
   73
 1696
 1727
 1696
 1671
   50
   59
 1671
   59
   73
 1682
 1709
 1656
   73
 1696
 1671
   59
   50
 1682
  475
   73
 1701
  475
   73
  799
 1682
  475
  585
 1682
  584
  475
 1648
 1648
   73
   73
   73
   50
 1307
 1671
   23
 1709
 1724
   33
 1483
 1724
   17
  799
   90
 1648
   17
  799
 1648
  799
   50
   17
 1648
 1648
 1709
   50
 1661
   17
 1661
 1661
   90
   73
  585
   90
   90
 1696
   73
  367
 1671
 1724
 1724
   23
   73
   33
   50
 1696
   59
 1724
   33
 1648
   90
   23
   50
   23
   23
   95
   95
   73
  799
   95
   33
  799
   73
 1665
   73
 1648
 1696
 1648
   33
   73
   33
  799
 1718
 1709
 1709
   17
  799
 1709
   17
 1665
 1665
   33
 1724
   50
   50
 1677
 1724
   50
 1696
 1142
   23
 1142
   73
   50
   23
   73
 1727
   23
 1727
   73
   95
   73
   90
 1648
   90
 1682
   33
 1671
 1709
   73
   50
   73
 1709
   17
 1724
 1648
   50
   90
   73
 1648
   50
 1307
 1709
 1682
  585
 1701
 1307
   59
 1709
   73
 1682
   59
 1709
 1696
 1648
  799
 1696
 1709
   50
   90
   33
   90
   50
 1718
   50
   90
   50
  799
   33
 1696
   73
   17
 1696
   17
 1648
 1682
 1648
  693
 1661
   17
 1671
   95
 1671
 1661
 1671
 1671
 1661
 1661
  799
   57
 1665
   73
   90
   73
   50
 1724
   59
   17
   59
 1709
 1709
   17
   59
   67
   17
   95
   67
   17
   17
 1701
 1648
 1701
 1696
   33
 1701
 1671
   33
   50
 1696
   67
   33
   57
 1696
   57
   57
 1696
 1696
   50
 1661
   59
   59
   50
 1696
  368
 1661
   33
 1677
 1709
 1696
   73
  368
 1709
   73
 1671
  368
 1682
   90
 1671
   90
   90
   73
   90
   73
 1671
   33
   59
  799
   50
 1709
   33
   50
   50
   33
   50
 1665
  585
   33
   23
   23
 1665
   33
 1696
 1682
   33
   90
  799
   33
   50
   90
 1682
   33
   50
   50
   90
   90
   33
   50
   90
   90
   73
   50
   50
   50
   50
   90
 1648
   50
   50
   50
   50
   50
    8
 1709
 1701
   50
 1701
   50
   50
 1701
   95
   17
   73
 1661
   90
   95
   73
 1661
 1696
   50
   50
   50
 1696
   17
  693
   73
   50
   90
   90
 1701
 1307
 1671
   90
 1696
 1709
 1696
 1696
   73
    5
   50
   90
   50
 1648
 1696
   54
   17
   50
   33
   17
   57
   23
   33
   50
   33
   50
   50
   50
  799
   50
   90
   33
 1709
   59
   33
 1696
 1701
   73
 1671
  799
   90
   17
   90
   59
 1648
   17
   59
 1648
 1648
   17
   59
 1648
   29
 1696
 1661
 1671
 1696
   73
   73
   17
   50
   33
   90
   17
   17
 1648
   59
   17
  799
   33
   17
   17
   17
 1671
   50
   17
   73
   17
  799
   17
   73
   17
   73
 1709
 1661
 1661
   73
   67
   90
   73
   90
 1696
 1701
   50
 1701
   50
 1701
 1701
 1701
   50
   90
   33
   50
   59
   59
   73
   50
   73
 1701
   73
 1671
 1709
   50
   23
 1709
 1682
 1682
   59
   90
   90
   90
   50
   50
   90
   33
 1682
   33
   33
 1696
 1701
   23
   90
 1696
 1701
 1696
   90
 1701
  799
 1648
 1671
 1671
 1671
   50
   90
 1682
   90
 1701
 1701
 1709
 1709
 1709
   90
 1709
   50
   73
 1648
   59
   73
 1142
   17
 1671
   90
   90
   50
   33
 1307
 1661
   50
   50
   33
   50
   33
   73
   73
   73
   50
   50
   23
   23
   23
   23
   90
   90
 1648
   90
 1682
   73
   90
 1648
   90
   90
 1648
   73
 1648
 1696
 1648
 1661
   73
 1648
 1648
 1648
 1648
 1648
   50
  799
   50
  799
 1682
  799
 1685
   50
 1661
   33
  799
 1661
 1701
   73
   90
   90
 1648
 1682
 1648
   33
   59
   59
   59
   59
   59
   59
 1682
 1682
 1682
   33
 1648
   50
  799
   50
  799
   90
   90
 1701
   50
   50
   73
  799
 1709
 1709
 1648
 1648
   73
 1648
 1648
 1661
 1648
   78
   17
 1661
   73
   17
   17
 1696
   73
 1701
 1701
 1709
   90
   33
   59
   90
   73
   73
   23
   23
   50
   50
 1701
 1648
   90
   17
   17
   73
   73
   84
 1671
 1648
 1648
 1671
 1648
 1667
  585
   73
  799
   50
  584
   50
   90
 1709
  799
   33
   73
 1724
   59
   73
   73
 1661
 1701
   50
 1307
 1307
   90
   50
   50
   90
 1724
   50
   11
 1696
   11
 1648
   50
 1648
 1648
 1648
   73
   50
   50
   73
  799
 1661
