         1         1
         2         2
         3         3
         4         4
         5         5
         6         6
         7         7
         8         8
         9         9
        10        10
        11        11
        12        12
        13        13
        14        14
        15        15
        16        16
        17        17
        18        18
        19        19
        20        20
        21        21
        22        22
        23        23
        24        24
        25        25
        26        26
        27        27
        28        28
        29        29
        30        30
        31        31
        32        32
        33        33
        34        34
        35        35
        36        36
        37        37
        38        38
        39        39
        40        40
        41        41
        42        42
        43        43
        44        44
        45        45
        46        46
        47        47
        48        48
        49        49
        50        50
        51        51
        52        52
        53        53
        54        54
        55        55
        56        56
        57        57
        58        58
        59        59
        60        60
        61        61
        62        62
        63        63
        64        64
        65        65
        66        66
        67        67
        68        68
        69        69
        70        70
        71        71
        72        72
        73        73
        74        74
        75        75
        76        76
        77        77
        78        78
        79        79
        80        80
        81        81
        82        82
        83        83
        84        84
        85        85
        86        86
        87        87
        88        88
        89        89
        90        90
        91        91
        92        92
        93        93
        94        94
        95        95
        96        96
        97        97
        98        98
        99        99
       100       100
       101       101
       102         3
       103         5
       104         7
       105         8
       106      2400
       107      2394
       108      2395
       109      2401
       110        20
       111        24
       112        25
       113      2947
       114        29
       115        31
       116        33
       117       116
       118        36
       119      1748
       120      2776
       121        43
       122        46
       123        47
       124       125
       125        50
       126        52
       127       126
       128        55
       129      2817
       130      4005
       131        62
       132      2767
       133      2409
       134      2411
       135        70
       136        72
       137      3202
       138      1755
       139      3287
       140      3038
       141        81
       142      2414
       143        85
       144      3267
       145        89
       146      2662
       147        92
       148      3102
       149        96
       150        98
       151       151
       152       152
       153      3170
       154      3186
       155      3186
       156      3085
       157      3325
       158      2400
       159      3407
       160      1762
       161      3050
       162      2766
       163      2418
       164      3780
       165      3320
       166      3631
       167      2971
       168      1765
       169      1766
       170      3347
       171      3209
       172       226
       173      2847
       174      2705
       175      2405
       176      2813
       177      2657
       178      2868
       179       123
       180      3104
       181      2848
       182      2848
       183      2816
       184      2817
       185      4005
       186      2860
       187       132
       188      2409
       189      3600
       190      2411
       191      2412
       192      3356
       193      3384
       194      3287
       195       196
       196      3042
       197      2717
       198      2414
       199      2414
       200      3103
       201      3250
       202       147
       203      3102
       204      2999
       205      2994
       206       206
       207       207
       208      3049
       209       155
       210      3132
       211      3473
       212      3838
       213      1784
       214      3129
       215      3050
       216      2418
       217      3750
       218      3335
       219      3550
       220      1789
       221      3966
       222      1765
       223      1765
       224      3347
       225      3310
       226       280
       227       282
       228      3330
       229      1814
       230      2657
       231      3647
       232      2930
       233      3670
       234      3749
       235      3684
       236      3614
       237      4053
       238      3643
       239      1817
       240      4022
       241      3600
       242      2419
       243      3351
       244      3208
       245      2421
       246      3961
       247      3158
       248      2953
       249      3237
       250       198
       251      3323
       252       253
       253       254
       254      2942
       255      3254
       256      2422
       257      2422
       258       259
       259      2999
       260       261
       261       261
       262       262
       263      2898
       264      2898
       265      3249
       266      2423
       267      3473
       268      3843
       269      3064
       270      3185
       271      3646
       272       217
       273      2427
       274      4011
       275      3966
       276      4448
       277      3425
       278      3310
       279      3310
       280      2904
       281      1811
       282       281
       283      2428
       284      2719
       285      3390
       286      2666
       287      2930
       288      3111
       289      3522
       290      3522
       291      4053
       292      3895
       293       348
       294      1819
       295      1820
       296      1822
       297       298
       298      3113
       299      2421
       300      3958
       301      2964
       302      3340
       303      3176
       304       357
       305      3778
       306      2983
       307      1829
       308      1829
       309       310
       310       259
       311       260
       312       312
       313       313
       314      2906
       315       314
       316      3887
       317      1832
       318      2423
       319       267
       320      3006
       321      3064
       322      3317
       323      3501
       324       325
       325      2444
       326      1834
       327      3856
       328      3893
       329      3890
       330      3425
       331      3425
       332      2904
       333      1837
       334      3889
       335      3717
       336      2446
       337      3587
       338      1839
       339      3124
       340      3874
       341      3522
       342      4599
       343      1816
       344      4289
       345      4061
       346      3862
       347      3121
       348      3121
       349       294
       350      2439
       351      2818
       352      3358
       353      3472
       354       299
       355      4392
       356      4317
       357      3720
       358      3238
       359      1847
       360      1848
       361      3634
       362      4377
       363      3375
       364      3597
       365      3973
       366      4125
       367       367
       368       368
       369       368
       370       314
       371      4308
       372      1852
       373       374
       374       375
       375      3248
       376      1854
       377      2443
       378      2443
       379      3659
       380      2444
       381      2444
       382      3243
       383      3394
       384      3512
       385      3890
       386      3965
       387      3611
       388      3440
       389      3337
       390      2445
       391      1862
       392      2446
       393      3962
       394      3723
       395      3874
       396      4328
       397      4289
       398      4291
       399      3062
       400      3051
       401      3121
       402      4219
       403      1870
       404      1870
       405      1871
       406      3467
       407      3467
       408      3829
       409      3833
       410      4319
       411       412
       412      3339
       413      3238
       414      1875
       415      3135
       416      3133
       417      3639
       418      3527
       419      2441
       420      3597
       421      3973
       422       422
       423       423
       424      1876
       425      2451
       426      2452
       427       480
       428       374
       429      3031
       430      3036
       431      3442
       432      3167
       433      3196
       434       433
       435      3675
       436      3243
       437      3394
       438      3999
       439      3660
       440      1882
       441      3259
       442      2445
       443      3938
       444      1863
       445      2955
       446      3607
       447      1886
       448      1866
       449      3995
       450      4566
       451      1868
       452       397
       453      4291
       454      4297
       455       399
       456       400
       457      4033
       458       511
       459      4271
       460      3950
       461      1871
       462      1871
       463      3756
       464      1873
       465      1873
       466      2673
       467      3711
       468       414
       469      3541
       470      3880
       471      3870
       472      4074
       473      4081
       474       475
       475       475
       476       476
       477      4685
       478      4333
       479      3706
       480      1903
       481      2462
       482      4239
       483      4241
       484      1920
       485      3762
       486      4182
       487      3781
       488      2463
       489      2463
       490      4668
       491      4006
       492       543
       493      1922
       494      1882
       495      3275
       496      3259
       497       496
       498      1907
       499       500
       500      2912
       501      2465
       502      1886
       503      4204
       504      2668
       505      3190
       506      4571
       507       559
       508      4297
       509      3877
       510      2975
       511      2466
       512      2473
       513      1910
       514      1910
       515      2980
       516      2980
       517      3089
       518       465
       519      4119
       520      2460
       521      2724
       522      3708
       523      1915
       524      1916
       525      1916
       526      2476
       527      4324
       528      1943
       529       529
       530       530
       531      4685
       532       587
       533      3183
       534      4115
       535      3130
       536      3131
       537      4269
       538      1920
       539      1904
       540      4142
       541       540
       542      2471
       543      3305
       544      1922
       545      3315
       546       496
       547      1907
       548       549
       549      2912
       550      3846
       551      3846
       552       551
       553       610
       554      4234
       555      1926
       556      1926
       557      4422
       558      3123
       559      1929
       560      1956
       561      3877
       562      1931
       563      2784
       564      2473
       565      4553
       566      4089
       567      3984
       568      3089
       569      3387
       570      1936
       571      4478
       572      1913
       573      2724
       574      3850
       575      1939
       576      1940
       577      2475
       578      4121
       579      1916
       580      3789
       581      3941
       582      4689
       583      1943
       584       584
       585       585
       586      3809
       587      3417
       588      4120
       589       590
       590      3130
       591      3219
       592      3815
       593      4272
       594      3057
       595      3226
       596      4094
       597      4141
       598      4576
       599      2486
       600      1948
       601       544
       602       603
       603      2479
       604      3955
       605      4175
       606      2909
       607      2909
       608       607
       609       661
       610      4715
       611      4365
       612      3180
       613      1953
       614      3134
       615      1956
       616      1982
       617      1931
       618      2480
       619      4429
       620      1959
       621      4206
       622      1960
       623      3990
       624      4050
       625       679
       626      4478
       627      1963
       628      3899
       629      3601
       630      3203
       631      4557
       632       687
       633      3763
       634      1968
       635      3788
       636      1970
       637       638
       638       638
       639       639
       640      3809
       641      3474
       642      4082
       643      4437
       644      1992
       645      3976
       646       594
       647      4473
       648      4573
       649       597
       650      1975
       651       652
       652      3428
       653      1948
       654      3730
       655       656
       656       603
       657      3952
       658      4172
       659      3342
       660      3847
       661      2487
       662      4715
       663      3166
       664      3172
       665      3303
       666      1954
       667       666
       668      4638
       669      2973
       670      1982
       671      4624
       672      4442
       673      1983
       674       675
       675      4199
       676      2007
       677      1960
       678      3851
       679      3851
       680      4383
       681      4433
       682      3970
       683      3452
       684      3986
       685      4558
       686      4474
       687      3763
       688      2787
       689       690
       690      3179
       691       743
       692       692
       693       693
       694      2680
       695      4030
       696      4030
       697      1991
       698      3000
       699      4109
       700      3976
       701      3220
       702      1973
       703      4440
       704      1997
       705      4526
       706      4348
       707      4341
       708      3428
       709      3905
       710      3268
       711      1999
       712      3956
       713      3967
       714      3224
       715      3229
       716      3847
       717       718
       718      2004
       719       664
       720       665
       721       666
       722       667
       723      4670
       724      2982
       725      4623
       726       727
       727      2029
       728       778
       729      4055
       730      4183
       731      2008
       732      2497
       733      3671
       734      4205
       735       787
       736      3168
       737      4102
       738      4474
       739      2012
       740      2504
       741       689
       742      3179
       743      2014
       744       745
       745       745
       746       746
       747      2680
       748      2035
       749      1991
       750      3228
       751      4100
       752      2017
       753      3173
       754      3312
       755      4443
       756      3084
       757      2730
       758      3370
       759      2500
       760      3184
       761      1998
       762      3844
       763      3255
       764      4299
       765      2681
       766      3951
       767      2003
       768      3471
       769      4364
       770      2025
       771      2502
       772      4230
       773      4549
       774      4702
       775      2028
       776      3283
       777      2029
       778      3145
       779      4055
       780      4183
       781       782
       782      2008
       783      4698
       784       785
       785       786
       786      2033
       787      3551
       788       787
       789      3168
       790      2010
       791      4362
       792      4435
       793      4107
       794      2504
       795      2504
       796       742
       797      3322
       798      2505
       799       799
       800       800
       801      2506
       802      4034
       803      2036
       804       750
       805      2038
       806      4463
       807      4203
       808      2041
       809      4244
       810      4597
       811      2076
       812      2076
       813      2730
       814      2079
       815      2683
       816      3613
       817       875
       818       876
       819       877
       820      4236
       821       822
       822      3122
       823      2048
       824      3371
       825      4325
       826      4502
       827      3834
       828      3836
       829       828
       830       890
       831      2511
       832      4676
       833      2512
       834      2059
       835      4310
       836       780
       837       836
       838      4320
       839      4238
       840      4699
       841      4192
       842      3551
       843      3555
       844       790
       845      4362
       846       906
       847       794
       848      2790
       849      2770
       850      3319
       851      3322
       852       852
       853       853
       854      2849
       855      3687
       856      4276
       857      3213
       858       804
       859      4675
       860      4651
       861       806
       862       863
       863      2072
       864      2885
       865      2885
       866      2074
       867      2533
       868      2076
       869      4284
       870      4288
       871      2519
       872      2683
       873      3253
       874      3253
       875      3810
       876      2520
       877      3227
       878      2521
       879      2508
       880      4456
       881      2049
       882       883
       883      3094
       884      4374
       885      4226
       886      4538
       887      3830
       888       828
       889      3837
       890       889
       891      2523
       892      4676
       893      2086
       894      2060
       895       836
       896      4320
       897      2926
       898      4454
       899      4514
       900      4233
       901      3263
       902      3551
       903       902
       904      4577
       905      4580
       906      2091
       907      2686
       908      2093
       909      2531
       910      2118
       911      3262
       912      2096
       913       913
       914       914
       915      2734
       916      3736
       917      3288
       918      2518
       919      4378
       920      4654
       921      3053
       922      4106
       923      4111
       924      4222
       925      2533
       926      4587
       927      2078
       928      4281
       929      2102
       930      2103
       931      2535
       932      3810
       933      2107
       934      3227
       935       993
       936      4388
       937      4387
       938      2536
       939      3100
       940      4368
       941      2743
       942      4226
       943      4221
       944      3837
       945      4091
       946      2110
       947      2899
       948      2899
       949      1008
       950      4588
       951       894
       952      2112
       953      2136
       954      1013
       955      4370
       956      4546
       957      2116
       958      2537
       959      3256
       960      3977
       961      3240
       962      3240
       963      4436
       964      4640
       965      2736
       966      3669
       967      2118
       968      2118
       969      2119
       970       970
       971       971
       972      2734
       973      1028
       974      3289
       975      1031
       976      4596
       977      4716
       978      3059
       979      4110
       980      3884
       981      4222
       982      2126
       983      4584
       984      2940
       985      2917
       986      4522
       987      4497
       988      4131
       989      4131
       990      2737
       991      2129
       992       934
       993       934
       994      4388
       995      4388
       996      2555
       997      2536
       998      4359
       999      4358
      1000      4368
      1001      3484
      1002      4530
      1003      2545
      1004      1058
      1005      4487
      1006      1060
      1007      2899
      1008      2134
      1009      2134
      1010      1064
      1011      2547
      1012      2136
      1013      3290
      1014      4370
      1015      2138
      1016      2549
      1017      2738
      1018      2538
      1019      1018
      1020      3240
      1021      4600
      1022      4604
      1023      3740
      1024      3821
      1025      1025
      1026      1026
      1027      2740
      1028      2145
      1029      2146
      1030      2968
      1031      4534
      1032      4594
      1033      1092
      1034      2148
      1035      1036
      1036      2742
      1037      2552
      1038      2552
      1039      2126
      1040      1041
      1041      1098
      1042      4652
      1043      4562
      1044      2561
      1045       988
      1046      4465
      1047      2152
      1048      2553
      1049      4414
      1050      3076
      1051      2555
      1052      1053
      1053      4361
      1054      2156
      1055      3484
      1056      4524
      1057      4449
      1058      2176
      1059      4176
      1060      4452
      1061      4636
      1062      2178
      1063      4658
      1064      2179
      1065      3397
      1066      3402
      1067      4692
      1068      2893
      1069      4162
      1070      4356
      1071      2141
      1072      4138
      1073      3205
      1074      4586
      1075      4635
      1076      4613
      1077      4609
      1078      2821
      1079      2821
      1080      4533
      1081      1082
      1082      2559
      1083      1083
      1084      1084
      1085      1143
      1086      2165
      1087      2145
      1088      4177
      1089      4683
      1090      2166
      1091      4594
      1092      3987
      1093      4363
      1094      2742
      1095      2687
      1096      3957
      1097      1098
      1098      1157
      1099      4384
      1100      4380
      1101      4556
      1102      1161
      1103      2151
      1104      2171
      1105      4451
      1106      2554
      1107      2554
      1108      4628
      1109      4688
      1110      1053
      1111      3641
      1112      2564
      1113      4449
      1114      4449
      1115      2993
      1116      4290
      1117      4290
      1118      4452
      1119      1120
      1120      4396
      1121      2178
      1122      2566
      1123      3397
      1124      2181
      1125      2903
      1126      1187
      1127      3388
      1128      4161
      1129      4267
      1130      2577
      1131      1132
      1132      2183
      1133      3205
      1134      4586
      1135      4585
      1136      4609
      1137      1078
      1138      4209
      1139      3648
      1140      1082
      1141      1141
      1142      1142
      1143      2567
      1144      3140
      1145      1206
      1146      4683
      1147      2190
      1148      2190
      1149      1150
      1150      1210
      1151      4717
      1152      3447
      1153      2748
      1154      2569
      1155      2217
      1156      1157
      1157      2923
      1158      1216
      1159      4700
      1160      3688
      1161      2195
      1162      4536
      1163      3785
      1164      1221
      1165      2199
      1166      2199
      1167      2572
      1168      1110
      1169      4627
      1170      4512
      1171      2574
      1172      4339
      1173      4224
      1174      1175
      1175      2958
      1176      4389
      1177      4389
      1178      4671
      1179      4396
      1180      4279
      1181      4488
      1182      2823
      1183      1184
      1184      3331
      1185      4200
      1186      1187
      1187      3413
      1188      1242
      1189      3624
      1190      4216
      1191      1192
      1192      3416
      1193      4355
      1194      1247
      1195      1248
      1196      4561
      1197      4092
      1198      4214
      1199      1251
      1200      1201
      1201      1201
      1202      1202
      1203      3007
      1204      3225
      1205      1204
      1206      1205
      1207      3615
      1208      3610
      1209      3617
      1210      2215
      1211      2583
      1212      2748
      1213      4191
      1214      2217
      1215      3839
      1216      2913
      1217      1216
      1218      4592
      1219      4536
      1220      3786
      1221      3811
      1222      3811
      1223      1224
      1224      4581
      1225      3949
      1226      4083
      1227      4626
      1228      2222
      1229      2223
      1230      4056
      1231      2889
      1232      4286
      1233      4371
      1234      1235
      1235      3194
      1236      3438
      1237      2823
      1238      4401
      1239      2255
      1240      3891
      1241      3661
      1242      3389
      1243      3624
      1244      4510
      1245      4541
      1246      4202
      1247      3932
      1248      3733
      1249      2209
      1250      3293
      1251      3010
      1252      2997
      1253      1253
      1254      1254
      1255      2750
      1256      1204
      1257      3770
      1258      2235
      1259      3638
      1260      3618
      1261      2214
      1262      3503
      1263      1262
      1264      2588
      1265      2240
      1266      1322
      1267      3270
      1268      1269
      1269      3269
      1270      3058
      1271      2242
      1272      3422
      1273      2271
      1274      2592
      1275      3811
      1276      2274
      1277      2274
      1278      1332
      1279      2244
      1280      4080
      1281      1334
      1282      4347
      1283      2223
      1284      3068
      1285      3294
      1286      2597
      1287      4371
      1288      4373
      1289      3645
      1290      2281
      1291      3377
      1292      4326
      1293      4095
      1294      3678
      1295      3891
      1296      3667
      1297      1243
      1298      4305
      1299      1351
      1300      1353
      1301      4031
      1302      4704
      1303      3079
      1304      3293
      1305      3010
      1306      3005
      1307      1307
      1308      1308
      1309      1308
      1310      2921
      1311      1256
      1312      1367
      1313      2266
      1314      3516
      1315      2236
      1316      3334
      1317      3486
      1318      3503
      1319      3816
      1320      1319
      1321      2269
      1322      2270
      1323      3270
      1324      3793
      1325      4321
      1326      2241
      1327      3568
      1328      1384
      1329      2900
      1330      4469
      1331      2273
      1332      3681
      1333      3543
      1334      3543
      1335      4218
      1336      4340
      1337      3418
      1338      2597
      1339      2279
      1340      4494
      1341      1401
      1342      3306
      1343      3766
      1344      4507
      1345      1346
      1346      3464
      1347      1408
      1348      3427
      1349      1348
      1350      2603
      1351      2603
      1352      1353
      1353      3423
      1354      1415
      1355      2285
      1356      4128
      1357      2260
      1358      4703
      1359      4397
      1360      1306
      1361      2832
      1362      1362
      1363      1363
      1364      1363
      1365      2924
      1366      2310
      1367      1368
      1368      3366
      1369      3516
      1370      3334
      1371      1317
      1372      3504
      1373      3752
      1374      1319
      1375      2269
      1376      2295
      1377      3327
      1378      2270
      1379      3270
      1380      3318
      1381      1441
      1382      2298
      1383      3048
      1384      4059
      1385      1384
      1386      4469
      1387      3593
      1388      1387
      1389      2600
      1390      2824
      1391      1392
      1392      3451
      1393      1392
      1394      3797
      1395      2601
      1396      3989
      1397      4590
      1398      3496
      1399      4493
      1400      2304
      1401      2304
      1402      3632
      1403      1463
      1404      1463
      1405      3273
      1406      3378
      1407      3464
      1408      3069
      1409      2914
      1410      3802
      1411      2603
      1412      4160
      1413      2978
      1414      3415
      1415      2613
      1416      1415
      1417      4127
      1418      3868
      1419      3271
      1420      1421
      1421      2308
      1422      3056
      1423      1424
      1424      1424
      1425      1425
      1426      2288
      1427      2310
      1428      3366
      1429      2825
      1430      2606
      1431      2606
      1432      3590
      1433      1492
      1434      3563
      1435      2294
      1436      2294
      1437      2850
      1438      1437
      1439      2609
      1440      3054
      1441      3054
      1442      1441
      1443      1499
      1444      3774
      1445      4059
      1446      2316
      1447      2804
      1448      3592
      1449      2600
      1450      2801
      1451      3451
      1452      3797
      1453      4002
      1454      2894
      1455      4306
      1456      4015
      1457      2995
      1458      2343
      1459      2344
      1460      1459
      1461      3212
      1462      3491
      1463      3492
      1464      1518
      1465      3378
      1466      2612
      1467      2325
      1468      3573
      1469      1409
      1470      3911
      1471      2346
      1472      2978
      1473      3415
      1474      2613
      1475      1527
      1476      4696
      1477      3657
      1478      1530
      1479      3591
      1480      1421
      1481      2333
      1482      1483
      1483      1483
      1484      1484
      1485      2615
      1486      1485
      1487      1538
      1488      3278
      1489      2802
      1490      1541
      1491      3596
      1492      2692
      1493      3566
      1494      3563
      1495      2963
      1496      3014
      1497      2944
      1498      4168
      1499      2694
      1500      3775
      1501      3304
      1502      3822
      1503      2804
      1504      2618
      1505      3465
      1506      3106
      1507      1451
      1508      2619
      1509      2833
      1510      2339
      1511      2895
      1512      2341
      1513      2621
      1514      2343
      1515      2888
      1516      3212
      1517      3223
      1518      3218
      1519      2992
      1520      2622
      1521      3487
      1522      1469
      1523      3532
      1524      4231
      1525      1576
      1526      2623
      1527      1578
      1528      4184
      1529      2349
      1530      2349
      1531      3715
      1532      2374
      1533      3081
      1534      1534
      1535      1535
      1536      2755
      1537      3187
      1538      3569
      1539      3569
      1540      3086
      1541      3160
      1542      3350
      1543      2811
      1544      3900
      1545      4067
      1546      3560
      1547      3024
      1548      3008
      1549      2629
      1550      2944
      1551      2870
      1552      2695
      1553      1602
      1554      3165
      1555      3165
      1556      3033
      1557      2633
      1558      1559
      1559      3118
      1560      3106
      1561      2636
      1562      1610
      1563      3470
      1564      1615
      1565      2888
      1566      2888
      1567      2959
      1568      3214
      1569      3155
      1570      2760
      1571      2761
      1572      2701
      1573      2851
      1574      1575
      1575      2949
      1576      2762
      1577      3047
      1578      2852
      1579      2642
      1580      2869
      1581      2644
      1582      1635
      1583      2645
      1584      1584
      1585      1585
      1586      1640
      1587      3463
      1588      1644
      1589      1646
      1590      1647
      1591      1649
      1592      1651
      1593      1653
      1594      3904
      1595      1656
      1596      1657
      1597      1658
      1598      1547
      1599      1662
      1600      2946
      1601      1670
      1602      1671
      1603      2696
      1604      1674
      1605      3026
      1606      3022
      1607      2829
      1608      1684
      1609      2649
      1610      2809
      1611      1612
      1612      1692
      1613      2699
      1614      1696
      1615      1698
      1616      1699
      1617      2368
      1618      1702
      1619      2951
      1620      1706
      1621      2640
      1622      1710
      1623      2761
      1624      1715
      1625      2389
      1626      2960
      1627      2702
      1628      1721
      1629      3047
      1630      2852
      1631      1726
      1632      1727
      1633      1729
      1634      2831
      1635      1733
      1636      3233
      1637      1637
      1638      1638
      1639      1639
      1640      1640
      1641      1641
      1642      1642
      1643      1643
      1644      1644
      1645      1645
      1646      1646
      1647      1647
      1648      1648
      1649      1649
      1650      1650
      1651      1651
      1652      1652
      1653      1653
      1654      1654
      1655      1655
      1656      1656
      1657      1657
      1658      1658
      1659      1659
      1660      1660
      1661      1661
      1662      1662
      1663      1663
      1664      1664
      1665      1665
      1666      1666
      1667      1667
      1668      1668
      1669      1669
      1670      1670
      1671      1671
      1672      1672
      1673      1673
      1674      1674
      1675      1675
      1676      1676
      1677      1677
      1678      1678
      1679      1679
      1680      1680
      1681      1681
      1682      1682
      1683      1683
      1684      1684
      1685      1685
      1686      1686
      1687      1687
      1688      1688
      1689      1689
      1690      1690
      1691      1691
      1692      1692
      1693      1693
      1694      1694
      1695      1695
      1696      1696
      1697      1697
      1698      1698
      1699      1699
      1700      1700
      1701      1701
      1702      1702
      1703      1703
      1704      1704
      1705      1705
      1706      1706
      1707      1707
      1708      1708
      1709      1709
      1710      1710
      1711      1711
      1712      1712
      1713      1713
      1714      1714
      1715      1715
      1716      1716
      1717      1717
      1718      1718
      1719      1719
      1720      1720
      1721      1721
      1722      1722
      1723      1723
      1724      1724
      1725      1725
      1726      1726
      1727      1727
      1728      1728
      1729      1729
      1730      1730
      1731      1731
      1732      1732
      1733      1733
      1734      1734
      1735      1735
      1736      1736
      1737      1737
      1738         6
      1739        10
      1740        12
      1741        14
      1742        16
      1743        22
      1744      3349
      1745        26
      1746        35
      1747      2882
      1748        39
      1749        41
      1750        56
      1751        67
      1752        68
      1753        69
      1754        74
      1755        75
      1756        82
      1757        83
      1758        88
      1759       152
      1760      3085
      1761      3325
      1762      1741
      1763      2766
      1764       112
      1765      2971
      1766      2989
      1767      2657
      1768      3104
      1769      2848
      1770       126
      1771      2767
      1772      2660
      1773       190
      1774      2778
      1775       199
      1776       253
      1777       253
      1778      2662
      1779       147
      1780      3096
      1781      2999
      1782       207
      1783       154
      1784      3444
      1785      3064
      1786      3185
      1787      3747
      1788      3335
      1789      3631
      1790       222
      1791      3347
      1792       226
      1793      3111
      1794       181
      1795      3749
      1796      3684
      1797      3643
      1798      3729
      1799      3107
      1800      2878
      1801      3216
      1802      3323
      1803      3257
      1804       262
      1805      3628
      1806      3017
      1807       322
      1808      1786
      1809       223
      1810       279
      1811       280
      1812       282
      1813      2428
      1814      2719
      1815      2666
      1816      3619
      1817      3557
      1818       348
      1819      3107
      1820      2439
      1821      1822
      1822      3364
      1823      3162
      1824      3357
      1825       302
      1826      3757
      1827      4691
      1828      3634
      1829      2422
      1830       259
      1831       313
      1832       318
      1833       374
      1834      1788
      1835      1834
      1836      3893
      1837      3343
      1838      2666
      1839      3302
      1840      4599
      1841      4292
      1842      4697
      1843      2969
      1844       354
      1845      3352
      1846       414
      1847       360
      1848      2983
      1849      4381
      1850       419
      1851      3406
      1852       318
      1853       318
      1854       321
      1855      3659
      1856       325
      1857      3328
      1858      3512
      1859      1881
      1860      3382
      1861       390
      1862      4008
      1863       445
      1864      4043
      1865       338
      1866      2448
      1867      2448
      1868      4328
      1869      4219
      1870      4287
      1871      1872
      1872      3362
      1873       407
      1874      4259
      1875      1847
      1876       369
      1877      4301
      1878      3248
      1879       378
      1880      3999
      1881      3611
      1882      2464
      1883      3316
      1884       497
      1885      3938
      1886      3964
      1887      1866
      1888       505
      1889      1868
      1890       397
      1891       511
      1892      1910
      1893      3083
      1894       407
      1895      4119
      1896      4119
      1897      2673
      1898      3823
      1899       414
      1900      4074
      1901       476
      1902      2451
      1903       535
      1904      2463
      1905      3999
      1906       497
      1907       497
      1908      3929
      1909      1886
      1910      4145
      1911       569
      1912      4119
      1913       519
      1914      4531
      1915      3541
      1916      3642
      1917      3920
      1918       535
      1919       538
      1920      2721
      1921      4575
      1922       494
      1923       494
      1924       548
      1925      4721
      1926       612
      1927      3190
      1928       558
      1929      3123
      1930      1956
      1931      3877
      1932      3276
      1933       516
      1934      3387
      1935      3387
      1936       569
      1937      4486
      1938      3601
      1939      3850
      1940      3680
      1941      2475
      1942      1915
      1943       584
      1944       586
      1945      3219
      1946      3057
      1947      4141
      1948      3399
      1949      3682
      1950      3730
      1951       661
      1952       609
      1953      3303
      1954      1980
      1955      4491
      1956      1957
      1957       561
      1958       563
      1959      4206
      1960      3990
      1961       623
      1962      1937
      1963      3899
      1964       629
      1965      4558
      1966      4256
      1967      3763
      1968      3791
      1969       690
      1970       691
      1971      4030
      1972       698
      1973      1996
      1974       649
      1975       597
      1976       603
      1977      2496
      1978       718
      1979       664
      1980       665
      1981       669
      1982       617
      1983       727
      1984      1983
      1985       683
      1986      3452
      1987      4256
      1988       691
      1989       640
      1990      3474
      1991      3228
      1992      3745
      1993      2017
      1994      2018
      1995      1996
      1996      4447
      1997      4443
      1998       710
      1999       656
      2000       712
      2001      3971
      2002      3229
      2003      3409
      2004      3296
      2005      2004
      2006      3482
      2007      4000
      2008      3855
      2009      4205
      2010       789
      2011       685
      2012       687
      2013      3247
      2014      2505
      2015       746
      2016      2680
      2017       751
      2018      3173
      2019      3220
      2020       705
      2021      3091
      2022      2042
      2023      4148
      2024      2000
      2025       771
      2026       829
      2027      2977
      2028       724
      2029       778
      2030       780
      2031      2062
      2032      4665
      2033       787
      2034       793
      2035      4034
      2036      3213
      2037      3210
      2038      3650
      2039      2038
      2040      4463
      2041      2885
      2042      3370
      2043      4136
      2044      3810
      2045       762
      2046      2024
      2047       822
      2048      2681
      2049      3093
      2050       768
      2051      4181
      2052      2501
      2053       827
      2054      2522
      2055       889
      2056       890
      2057       891
      2058       892
      2059       779
      2060      4310
      2061       780
      2062       782
      2063      4548
      2064      4695
      2065       793
      2066       794
      2067       795
      2068       852
      2069      3288
      2070       859
      2071       862
      2072       864
      2073      2100
      2074       809
      2075      4672
      2076      3084
      2077      2076
      2078      4156
      2079      2683
      2080       934
      2081       882
      2082      4108
      2083      4502
      2084      3830
      2085       892
      2086      2512
      2087       894
      2088      4514
      2089       844
      2090       962
      2091      2539
      2092       907
      2093      2684
      2094      2770
      2095       966
      2096       913
      2097      4378
      2098      4555
      2099      2885
      2100      4111
      2101      2100
      2102       870
      2103       872
      2104      2535
      2105       875
      2106       876
      2107       876
      2108      1003
      2109      3837
      2110      4091
      2111      4563
      2112       894
      2113       953
      2114      2136
      2115      4150
      2116      4578
      2117      1018
      2118      3262
      2119       970
      2120      1028
      2121       973
      2122      4716
      2123      3468
      2124      3461
      2125      1038
      2126      1038
      2127      2126
      2128       929
      2129       934
      2130      2536
      2131      1053
      2132      4358
      2133      1059
      2134      2178
      2135       953
      2136      3290
      2137      1068
      2138      4112
      2139      4641
      2140      2549
      2141      3996
      2142      4613
      2143      1025
      2144      2165
      2145      1086
      2146      2145
      2147      2148
      2148      4363
      2149      1095
      2150       986
      2151      4465
      2152       990
      2153      2171
      2154       993
      2155      1107
      2156      1000
      2157      3640
      2158      1059
      2159      1061
      2160      1123
      2161      1068
      2162      4268
      2163      1018
      2164      1020
      2165      1143
      2166      2190
      2167      4534
      2168      4153
      2169      1156
      2170      2171
      2171      3785
      2172      2154
      2173      4688
      2174      4361
      2175      1172
      2176      2993
      2177      1117
      2178      4277
      2179      1122
      2180      1123
      2181      1125
      2182      4161
      2183      3416
      2184      1133
      2185      1134
      2186      1135
      2187      4561
      2188      4209
      2189      1087
      2190      1208
      2191      1211
      2192      2687
      2193      1156
      2194      4311
      2195      3688
      2196      3785
      2197      4398
      2198      1221
      2199      1107
      2200      4720
      2201      2585
      2202      4603
      2203      1174
      2204      2893
      2205      1187
      2206      1190
      2207      2183
      2208      3666
      2209      4092
      2210      2211
      2211      3007
      2212      3615
      2213      3758
      2214      1262
      2215      1263
      2216      2240
      2217      3839
      2218      1216
      2219      4450
      2220      3949
      2221      4511
      2222      3420
      2223      3418
      2224      4286
      2225      4371
      2226      3194
      2227      1291
      2228      2255
      2229      4216
      2230      1190
      2231      4561
      2232      1253
      2233      1309
      2234      3225
      2235      2266
      2236      3334
      2237      3486
      2238      1211
      2239      4296
      2240      3845
      2241      1270
      2242      1327
      2243      1273
      2244      3776
      2245      2222
      2246      1284
      2247      1285
      2248      1286
      2249      4213
      2250      1235
      2251      3769
      2252      1291
      2253      3741
      2254      4326
      2255      4095
      2256      3661
      2257      1353
      2258      4352
      2259      4355
      2260      4099
      2261      2260
      2262      3298
      2263      2832
      2264      2924
      2265      1256
      2266      1314
      2267      3790
      2268      4302
      2269      1376
      2270      3327
      2271      1329
      2272      1387
      2273      1387
      2274      4243
      2275      3776
      2276      3543
      2277      3418
      2278      4040
      2279      3496
      2280      3645
      2281      1342
      2282      1404
      2283      1346
      2284      1353
      2285      1416
      2286      1304
      2287      2308
      2288      3488
      2289      2266
      2290      3486
      2291      3503
      2292      1373
      2293      1434
      2294      3565
      2295      2850
      2296      3318
      2297      1441
      2298      3048
      2299      2900
      2300      1393
      2301      2321
      2302      2321
      2303      2304
      2304      1459
      2305      3524
      2306      3854
      2307      3868
      2308      1422
      2309      1485
      2310      2288
      2311      1431
      2312      1371
      2313      4168
      2314      1499
      2315      1385
      2316      1385
      2317      3593
      2318      2905
      2319      1451
      2320      2894
      2321      2344
      2322      1515
      2323      3212
      2324      1465
      2325      1520
      2326      3803
      2327      3477
      2328      1412
      2329      1416
      2330      3657
      2331      3271
      2332      1421
      2333      1422
      2334      3056
      2335      1496
      2336      1441
      2337      3106
      2338      1451
      2339      2833
      2340      3470
      2341      3147
      2342      2341
      2343      2344
      2344      1515
      2345      3492
      2346      3477
      2347      3576
      2348      4186
      2349      1579
      2350      1532
      2351      1583
      2352      1586
      2353      3459
      2354      1589
      2355      2692
      2356      3900
      2357      2629
      2358      2695
      2359      3775
      2360      2696
      2361      2362
      2362      4173
      2363      3015
      2364      2619
      2365      2827
      2366      3097
      2367      2343
      2368      2700
      2369      2701
      2370      1575
      2371      2762
      2372      1527
      2373      1530
      2374      1582
      2375      1584
      2376      1641
      2377      1643
      2378      1650
      2379      1659
      2380      3818
      2381      1672
      2382      1676
      2383      1682
      2384      1687
      2385      1700
      2386      1703
      2387      1707
      2388      1713
      2389      1716
      2390      1717
      2391      1719
      2392      1722
      2393      1735
      2394        12
      2395        15
      2396        34
      2397        45
      2398        58
      2399      1759
      2400      2772
      2401        17
      2402        21
      2403      3320
      2404       118
      2405        40
      2406      2816
      2407       186
      2408        60
      2409      1751
      2410      1751
      2411      1753
      2412      2778
      2413        73
      2414      2779
      2415       254
      2416      2858
      2417      3072
      2418       162
      2419       190
      2420      3356
      2421      3208
      2422      3082
      2423       267
      2424      3907
      2425       215
      2426       325
      2427      1834
      2428      1814
      2429      3281
      2430      4257
      2431       256
      2432       312
      2433       369
      2434       321
      2435      3337
      2436       282
      2437      2930
      2438       343
      2439      3107
      2440      3340
      2441       363
      2442      3887
      2443       322
      2444      3328
      2445       389
      2446       337
      2447      3587
      2448       338
      2449      1824
      2450       413
      2451       370
      2452      3706
      2453      3705
      2454       500
      2455      2668
      2456      2668
      2457      3062
      2458       563
      2459       519
      2460      2782
      2461       469
      2462      3044
      2463      3177
      2464       495
      2465      3721
      2466      4270
      2467      2460
      2468       530
      2469      3183
      2470      4415
      2471      3399
      2472       497
      2473      4553
      2474       573
      2475      3685
      2476      3787
      2477       587
      2478      4120
      2479       546
      2480       617
      2481      4217
      2482      1939
      2483      3809
      2484      4460
      2485      4473
      2486      1948
      2487      3847
      2488      2496
      2489      1963
      2490      3986
      2491       689
      2492       692
      2493      1993
      2494      1974
      2495      4046
      2496      3409
      2497       679
      2498       784
      2499      2950
      2500       708
      2501      4364
      2502      3482
      2503      4695
      2504      2787
      2505      2789
      2506       800
      2507       758
      2508       822
      2509       822
      2510      4325
      2511      2056
      2512       778
      2513      4260
      2514       846
      2515       850
      2516      3319
      2517      3687
      2518       857
      2519      2102
      2520       875
      2521      2508
      2522       828
      2523      2110
      2524      4722
      2525      2926
      2526       786
      2527      3256
      2528       903
      2529      4580
      2530      2790
      2531       965
      2532      2792
      2533      4222
      2534      4523
      2535      3812
      2536      4359
      2537      3263
      2538      2738
      2539       962
      2540       966
      2541      2792
      2542      3059
      2543      2940
      2544      4530
      2545      1058
      2546      4636
      2547      2112
      2548      2137
      2549       958
      2550      1026
      2551      1029
      2552      1095
      2553       990
      2554      2911
      2555       995
      2556      1000
      2557      4658
      2558      2903
      2559      2871
      2560      1098
      2561      1100
      2562      4556
      2563      4451
      2564      3484
      2565      2176
      2566      2823
      2567      1142
      2568      1211
      2569      1095
      2570      4700
      2571      4536
      2572      1224
      2573      1225
      2574      3420
      2575      4389
      2576      4200
      2577      4220
      2578      1071
      2579      4352
      2580      1202
      2581      1204
      2582      3617
      2583      1263
      2584      2195
      2585      1281
      2586      3932
      2587      1206
      2588      1212
      2589      1323
      2590      3269
      2591      1329
      2592      1273
      2593      1351
      2594      3872
      2595      2277
      2596      3068
      2597      4012
      2598      2918
      2599      4469
      2600      2801
      2601      3797
      2602      3273
      2603      3854
      2604      1425
      2605      2825
      2606      1490
      2607      3504
      2608      3181
      2609      1497
      2610      3568
      2611      2803
      2612      2325
      2613      2623
      2614      3657
      2615      1484
      2616      3488
      2617      1499
      2618      2804
      2619      1561
      2620      2366
      2621      2995
      2622      2760
      2623      1527
      2624      2869
      2625      2805
      2626      3459
      2627      3278
      2628      1652
      2629      1663
      2630      4684
      2631      2361
      2632      2877
      2633      2807
      2634      1506
      2635      1681
      2636      2808
      2637      2809
      2638      3470
      2639      1615
      2640      1709
      2641      1632
      2642      1632
      2643      2349
      2644      1732
      2645      1734
      2646      1660
      2647      1666
      2648      1679
      2649      1686
      2650      1689
      2651      1691
      2652      1712
      2653      1724
      2654      1732
      2655        19
      2656       116
      2657      2814
      2658        51
      2659      2843
      2660        65
      2661        71
      2662        90
      2663      3080
      2664      1780
      2665      2428
      2666       287
      2667      4697
      2668      1866
      2669      1839
      2670      2439
      2671       369
      2672      1879
      2673      3796
      2674      3929
      2675      1920
      2676       659
      2677      2977
      2678      2018
      2679      2727
      2680      2727
      2681      2002
      2682      4136
      2683       816
      2684       965
      2685       872
      2686      2091
      2687      2748
      2688      1150
      2689      1393
      2690      3462
      2691      2376
      2692      2811
      2693      2629
      2694      2870
      2695      1669
      2696      1673
      2697      2383
      2698      2636
      2699      1693
      2700      1701
      2701      2388
      2702      1720
      2703         9
      2704      1741
      2705      2405
      2706        42
      2707        57
      2708      2401
      2709      2655
      2710       116
      2711       117
      2712      2882
      2713      2848
      2714      2857
      2715      3599
      2716      2413
      2717      1756
      2718      3246
      2719      2657
      2720      2439
      2721      3167
      2722       586
      2723      2471
      2724      2460
      2725      2482
      2726      2479
      2727      2810
      2728      4443
      2729      3494
      2730      2507
      2731      2509
      2732      2505
      2733      2521
      2734      2840
      2735      2686
      2736      2540
      2737      2520
      2738      3977
      2739      1020
      2740      2550
      2741      2793
      2742      2687
      2743      1000
      2744      2903
      2745      2567
      2746      1225
      2747      3007
      2748      3447
      2749      1192
      2750      1309
      2751      2604
      2752      1429
      2753      1454
      2754      2690
      2755      1535
      2756      2379
      2757      2877
      2758      2699
      2759      2700
      2760      2640
      2761      2652
      2762      2702
      2763      1635
      2764      3023
      2765      1722
      2766      2401
      2767        64
      2768      2414
      2769       771
      2770      2515
      2771      1054
      2772        11
      2773       118
      2774      2882
      2775        38
      2776        42
      2777      2843
      2778        71
      2779        84
      2780       206
      2781      3317
      2782      3339
      2783      3062
      2784      2466
      2785       585
      2786       753
      2787      2491
      2788      1974
      2789       799
      2790      4723
      2791      2540
      2792       971
      2793      3059
      2794      3483
      2795      1083
      2796      2566
      2797      1161
      2798      2586
      2799      1384
      2800      2316
      2801      1506
      2802      1490
      2803      2596
      2804      2362
      2805      1534
      2806      3818
      2807      1679
      2808      1685
      2809      1688
      2810       693
      2811      2628
      2812      1714
      2813      2776
      2814      2776
      2815      2861
      2816      2843
      2817      2707
      2818      4287
      2819      3339
      2820      2840
      2821      2862
      2822      4070
      2823      3438
      2824      2801
      2825      2802
      2826      2877
      2827      2809
      2828      2699
      2829      1680
      2830      1724
      2831      1730
      2832      1307
      2833      2827
      2834      2811
      2835      2701
      2836      2401
      2837       118
      2838      2876
      2839      2510
      2840       853
      2841      1084
      2842       422
      2843        54
      2844        45
      2845        49
      2846       103
      2847      2775
      2848       125
      2849      2840
      2850      1495
      2851      1624
      2852      2830
      2853      2852
      2854      2831
      2855      3233
      2856      1768
      2857      2860
      2858       151
      2859      1083
      2860      2876
      2861        48
      2862      2540
      2863        35
      2864      2871
      2865      4585
      2866      1251
      2867      2375
      2868      2844
      2869      2854
      2870      3826
      2871      2859
      2872       103
      2873      2850
      2874      1725
      2875      1637
      2876        59
      2877      1675
      2878      2421
      2879      4581
      2880      1618
      2881      2891
      2882        37
      2883      2891
      2884      3036
      2885      3192
      2886      1117
      2887      2883
      2888      2368
      2889      1285
      2890      2883
      2891      2897
      2892      1804
      2893      1126
      2894      2890
      2895      2890
      2896      2462
      2897      1690
      2898       314
      2899      1008
      2900      1385
      2901      3169
      2902      3560
      2903      2893
      2904       279
      2905      1449
      2906      2433
      2907      1648
      2908      2868
      2909      2912
      2910      2913
      2911       993
      2912      3716
      2913      1267
      2914      1408
      2915      4548
      2916      2720
      2917       929
      2918      2914
      2919      2356
      2920      2014
      2921      1309
      2922      4288
      2923      1216
      2924      2921
      2925      3302
      2926      2062
      2927      3965
      2928      2127
      2929      4173
      2930      2925
      2931      2215
      2932      3650
      2933      1758
      2934      3650
      2935      2946
      2936      3631
      2937      4074
      2938       697
      2939      2951
      2940      1041
      2941      2586
      2942      3257
      2943      4116
      2944      2935
      2945      4445
      2946      1665
      2947      1745
      2948      1705
      2949      2960
      2950      3247
      2951      2948
      2952      3328
      2953      3162
      2954      2444
      2955       392
      2956      3295
      2957      1431
      2958      2889
      2959      2951
      2960      1718
      2961      2971
      2962      3334
      2963      1547
      2964      3357
      2965      4099
      2966       325
      2967      2959
      2968      3295
      2969      3364
      2970      3877
      2971       114
      2972      3716
      2973      2982
      2974      1872
      2975       456
      2976      1200
      2977      2982
      2978      3415
      2979      2971
      2980      1872
      2981      1200
      2982      1982
      2983      2942
      2984      2981
      2985      2387
      2986      3295
      2987      2575
      2988      2947
      2989        30
      2990      2506
      2991      1422
      2992      2622
      2993      1175
      2994      3001
      2995      2341
      2996      1579
      2997      2832
      2998      2935
      2999      2994
      3000      1992
      3001        97
      3002      2854
      3003      1541
      3004      3007
      3005      2997
      3006      3017
      3007      2567
      3008      3030
      3009      1547
      3010      3005
      3011      3021
      3012       761
      3013      1306
      3014      3008
      3015      3033
      3016      3010
      3017       321
      3018      3030
      3019      3024
      3020      3354
      3021      1741
      3022      1677
      3023      1661
      3024      3018
      3025      1519
      3026      3022
      3027      4310
      3028      2117
      3029      4003
      3030      3023
      3031      3248
      3032       186
      3033      3026
      3034      3518
      3035      3699
      3036      3031
      3037      3031
      3038        80
      3039      3046
      3040      2538
      3041       131
      3042      3038
      3043      2714
      3044      3036
      3045      1697
      3046      1620
      3047      1628
      3048      1327
      3049      1782
      3050       162
      3051      3862
      3052      3851
      3053      2072
      3054      2313
      3055      2342
      3056      1482
      3057       538
      3058      3048
      3059      3053
      3060      3072
      3061      2612
      3062       400
      3063      3075
      3064      3060
      3065       679
      3066       859
      3067       995
      3068      4019
      3069      3061
      3070      1618
      3071      3079
      3072       215
      3073      3862
      3074      1589
      3075      3109
      3076      3307
      3077      3258
      3078      3083
      3079      3293
      3080      3102
      3081      1482
      3082      2663
      3083       516
      3084      3091
      3085       105
      3086      1589
      3087      2505
      3088       542
      3089      3078
      3090      4667
      3091       813
      3092        95
      3093       768
      3094      2050
      3095      3264
      3096      3092
      3097      1612
      3098      4605
      3099      3103
      3100       883
      3101      3377
      3102      3092
      3103      3109
      3104       181
      3105      1901
      3106      3118
      3107      3603
      3108      3569
      3109        86
      3110      3117
      3111      3104
      3112      4340
      3113      2878
      3114      3118
      3115      3106
      3116      4011
      3117      1756
      3118      2383
      3119      3116
      3120      3985
      3121      3051
      3122      3127
      3123      1954
      3124      2429
      3125      3131
      3126      3051
      3127       715
      3128       105
      3129      3072
      3130      3131
      3131      3219
      3132      3085
      3133      3135
      3134      3123
      3135       360
      3136      2947
      3137      2663
      3138      3149
      3139      3150
      3140      2211
      3141      1614
      3142      3159
      3143      4712
      3144      2017
      3145      2059
      3146      1248
      3147      1614
      3148        28
      3149       863
      3150      3160
      3151      3142
      3152      3606
      3153      1082
      3154      4184
      3155      2622
      3156      4689
      3157      1937
      3158      3142
      3159        78
      3160      3169
      3161      3245
      3162      3158
      3163      3176
      3164      3372
      3165      2696
      3166       718
      3167       378
      3168      3606
      3169      2907
      3170       102
      3171       555
      3172      3166
      3173      2041
      3174       456
      3175      3042
      3176      2819
      3177      3521
      3178       556
      3179      2950
      3180      3166
      3181      2963
      3182      1904
      3183       587
      3184      3718
      3185      3050
      3186       103
      3187      1587
      3188       710
      3189      2921
      3190       556
      3191      3780
      3192      4111
      3193      2906
      3194      3645
      3195      3197
      3196      3167
      3197      1927
      3198      2640
      3199      3205
      3200      2281
      3201      3085
      3202      2716
      3203      3986
      3204      3790
      3205      3633
      3206      2888
      3207      3210
      3208      3202
      3209      3221
      3210       750
      3211      3206
      3212      3206
      3213      3207
      3214      2951
      3215      3214
      3216       196
      3217       260
      3218      3214
      3219      2462
      3220      3173
      3221       116
      3222      3565
      3223      3214
      3224      3342
      3225      3140
      3226      4575
      3227      2107
      3228      3000
      3229      3224
      3230      3289
      3231      3209
      3232      3304
      3233      1736
      3234       544
      3235      1602
      3236      3729
      3237       196
      3238       414
      3239       294
      3240      1019
      3241      2694
      3242      4256
      3243      3326
      3244      1561
      3245      2662
      3246       155
      3247       743
      3248      3006
      3249      3246
      3250      3245
      3251       209
      3252      3247
      3253      3613
      3254      3250
      3255       712
      3256       902
      3257      3250
      3258       563
      3259      3316
      3260      3454
      3261      2992
      3262      2516
      3263       959
      3264      3267
      3265      3741
      3266      1530
      3267        87
      3268       656
      3269      3655
      3270      1322
      3271      3266
      3272      2378
      3273      3378
      3274      2737
      3275      3259
      3276      4089
      3277      4206
      3278      3086
      3279      4582
      3280      1267
      3281      3111
      3282      3749
      3283      4582
      3284      3297
      3285       586
      3286      4676
      3287      3142
      3288      2518
      3289      2518
      3290      3297
      3291      3298
      3292      4138
      3293      3291
      3294      4040
      3295      3289
      3296      3371
      3297      2181
      3298      1251
      3299       158
      3300      3955
      3301      2556
      3302       288
      3303       664
      3304      1553
      3305      1922
      3306      1401
      3307      2911
      3308      3209
      3309       993
      3310      3308
      3311      1855
      3312      4447
      3313      1780
      3314      3489
      3315      2464
      3316       389
      3317      2417
      3318      2313
      3319      3322
      3320      3349
      3321      4528
      3322       798
      3323       199
      3324      2464
      3325       158
      3326      3328
      3327      2295
      3328       326
      3329      3320
      3330       175
      3331      1124
      3332       959
      3333      3329
      3334      2957
      3335      3329
      3336      1970
      3337      3343
      3338      3943
      3339      2450
      3340      2819
      3341      2819
      3342       607
      3343       280
      3344      2492
      3345      2450
      3346      3308
      3347      3209
      3348      2450
      3349        23
      3350      2378
      3351      3356
      3352      3357
      3353      3215
      3354      3129
      3355      2850
      3356      2716
      3357      2953
      3358      3654
      3359      3565
      3360      3361
      3361      1595
      3362      3358
      3363      3559
      3364      3362
      3365      3373
      3366      1429
      3367       299
      3368      3373
      3369      3512
      3370       708
      3371      2050
      3372      1008
      3373      2119
      3374      1429
      3375      1829
      3376       845
      3377      2251
      3378      2992
      3379      2859
      3380       194
      3381      3006
      3382      1810
      3383      3208
      3384      3208
      3385      3413
      3386       419
      3387       568
      3388      1126
      3389      3664
      3390      1815
      3391      3125
      3392      2443
      3393      1782
      3394       436
      3395      3723
      3396      3394
      3397      3402
      3398      2692
      3399       543
      3400      3250
      3401      3257
      3402      1124
      3403      2276
      3404       845
      3405      1184
      3406       365
      3407      3445
      3408      1310
      3409      2487
      3410       365
      3411      2904
      3412       288
      3413      3389
      3414      1547
      3415      2613
      3416      3199
      3417       586
      3418      1284
      3419      2536
      3420      2223
      3421      3423
      3422      3424
      3423      3415
      3424      3568
      3425       278
      3426      1596
      3427      2914
      3428      2486
      3429      1578
      3430      2559
      3431      3842
      3432      3327
      3433      3187
      3434       165
      3435      3653
      3436      2491
      3437       254
      3438      2251
      3439      3651
      3440      3337
      3441      3656
      3442      1854
      3443      2308
      3444      2400
      3445      3444
      3446      3596
      3447      2568
      3448      1251
      3449      3291
      3450       389
      3451      3454
      3452       629
      3453      2830
      3454      2337
      3455      2930
      3456         9
      3457       609
      3458      2618
      3459      3463
      3460      3467
      3461      4110
      3462      1409
      3463      1642
      3464      3061
      3465      2801
      3466       407
      3467       353
      3468      1036
      3469       846
      3470      2758
      3471      2003
      3472      3113
      3473      3325
      3474      2680
      3475      3357
      3476      3259
      3477      1575
      3478      3561
      3479      4678
      3480      4038
      3481      2924
      3482      1980
      3483      2743
      3484      2743
      3485      1054
      3486      1316
      3487      3495
      3488      2924
      3489       495
      3490      3499
      3491      3218
      3492      3218
      3493       683
      3494      2510
      3495      2325
      3496      3480
      3497      4712
      3498      2615
      3499      2983
      3500      3223
      3501       378
      3502       801
      3503      1317
      3504      3503
      3505      3573
      3506      1583
      3507      3509
      3508      3509
      3509      4038
      3510       496
      3511      3541
      3512       437
      3513      3275
      3514      2346
      3515      3600
      3516      2957
      3517      2346
      3518      1614
      3519      1575
      3520      3562
      3521      3243
      3522      2429
      3523      3676
      3524      3492
      3525      2572
      3526      1847
      3527      3375
      3528      1492
      3529      3534
      3530       436
      3531      3538
      3532      2851
      3533      2572
      3534      1625
      3535       126
      3536      3550
      3537      4581
      3538      1316
      3539      3535
      3540      3545
      3541      3133
      3542      1081
      3543      1392
      3544       469
      3545       182
      3546      2712
      3547      3775
      3548      1815
      3549      1553
      3550      3335
      3551      3555
      3552      3868
      3553       546
      3554       690
      3555       789
      3556      3561
      3557      3562
      3558      2110
      3559      3566
      3560      3561
      3561      1495
      3562       186
      3563      3566
      3564      3996
      3565      3560
      3566      2356
      3567      1789
      3568      4059
      3569      3459
      3570      2947
      3571      3572
      3572      3470
      3573      2914
      3574       281
      3575      1408
      3576      1578
      3577      2447
      3578      1527
      3579      3576
      3580      4024
      3581      4691
      3582      4081
      3583      4696
      3584      1848
      3585      1401
      3586      3814
      3587      3390
      3588       474
      3589      3595
      3590      3596
      3591      3266
      3592      2804
      3593      3592
      3594       907
      3595      3973
      3596      2606
      3597      3595
      3598      2294
      3599      2409
      3600      3599
      3601      2724
      3602      3816
      3603      3599
      3604      3850
      3605      1212
      3606       683
      3607      2955
      3608       967
      3609      3790
      3610      3618
      3611      1882
      3612      3617
      3613       760
      3614      3684
      3615      1208
      3616       315
      3617      3610
      3618      2236
      3619      3614
      3620      2817
      3621      3610
      3622      3620
      3623      3617
      3624      1242
      3625       217
      3626      1789
      3627      3912
      3628       269
      3629      3472
      3630      1789
      3631      2947
      3632      3306
      3633      2738
      3634      3499
      3635      3249
      3636      1401
      3637       320
      3638      2236
      3639      3634
      3640      2545
      3641      2556
      3642       469
      3643      3557
      3644       218
      3645      3306
      3646      1786
      3647      3390
      3648      3448
      3649      3358
      3650      3000
      3651      3390
      3652      2825
      3653      3656
      3654       353
      3655      1270
      3656      3658
      3657      4184
      3658        44
      3659      3196
      3660       494
      3661      3664
      3662      3665
      3663      2487
      3664      3667
      3665      3320
      3666      4355
      3667      3427
      3668      3665
      3669       967
      3670      3281
      3671      4383
      3672      2450
      3673      3634
      3674      1875
      3675      3326
      3676      3674
      3677      1205
      3678      1346
      3679      1915
      3680      3676
      3681      2824
      3682      3305
      3683      2886
      3684      3620
      3685      3676
      3686      4487
      3687      4035
      3688      3655
      3689      3132
      3690      3512
      3691      3447
      3692       801
      3693      3184
      3694      3080
      3695        93
      3696      3305
      3697      3305
      3698      2441
      3699      1578
      3700      3417
      3701       586
      3702      3701
      3703      3184
      3704      3702
      3705      1903
      3706      3920
      3707       607
      3708      3711
      3709      3712
      3710      2942
      3711       413
      3712      3041
      3713       354
      3714      3716
      3715      2869
      3716      3721
      3717      1863
      3718       710
      3719      3722
      3720      3238
      3721       445
      3722       392
      3723      2437
      3724      1863
      3725      3342
      3726      3145
      3727      3717
      3728      1247
      3729      3709
      3730      3738
      3731      2955
      3732      2586
      3733      4096
      3734      3718
      3735      3734
      3736      3739
      3737      4096
      3738      3268
      3739       915
      3740      3669
      3741      3273
      3742      3747
      3743      3747
      3744      2419
      3745      3125
      3746      3749
      3747      3750
      3748      3773
      3749      2816
      3750      3780
      3751      4377
      3752      1318
      3753      3754
      3754       370
      3755       184
      3756      3362
      3757       358
      3758      2214
      3759      3399
      3760      2923
      3761      1158
      3762      2721
      3763       688
      3764       688
      3765      1817
      3766      1290
      3767      2342
      3768      3641
      3769      1290
      3770      1205
      3771      2026
      3772       110
      3773      3775
      3774      3773
      3775      1553
      3776      3681
      3777      4494
      3778       358
      3779      2819
      3780       110
      3781      3521
      3782      3788
      3783      2423
      3784       688
      3785      4070
      3786      1272
      3787      3789
      3788      3791
      3789      3788
      3790      2583
      3791       690
      3792      3789
      3793      2589
      3794      4324
      3795      1263
      3796      2467
      3797      1508
      3798      3808
      3799      3293
      3800      4084
      3801      3815
      3802      2598
      3803      3911
      3804      1881
      3805       857
      3806      3808
      3807      3293
      3808      3425
      3809      2785
      3810       874
      3811      2592
      3812       874
      3813      4217
      3814      2269
      3815      2896
      3816      3790
      3817      3745
      3818      1667
      3819       602
      3820      2896
      3821       967
      3822      2361
      3823      2460
      3824       603
      3825      4194
      3826      3818
      3827      2479
      3828      4194
      3829       354
      3830      3836
      3831      2687
      3832      1824
      3833      3829
      3834       771
      3835      3089
      3836      3834
      3837      2522
      3838      3325
      3839      3845
      3840      1400
      3841      3954
      3842      4091
      3843      3838
      3844      3956
      3845      3848
      3846       608
      3847      2002
      3848      2270
      3849      3364
      3850       629
      3851      4050
      3852       789
      3853       341
      3854      3911
      3855      3859
      3856      3630
      3857      4109
      3858      3911
      3859      3863
      3860       549
      3861       608
      3862      3865
      3863      1960
      3864      3863
      3865      3643
      3866      4183
      3867      1340
      3868      1478
      3869      4053
      3870      2441
      3871      2609
      3872      3071
      3873      3428
      3874      3124
      3875      3806
      3876      2975
      3877      3876
      3878      4318
      3879      3711
      3880      3642
      3881      4312
      3882      4312
      3883      3938
      3884      1036
      3885      3893
      3886      4490
      3887      3882
      3888      2445
      3889       390
      3890      3893
      3891      3627
      3892      3966
      3893      3966
      3894       222
      3895      3643
      3896       708
      3897      4142
      3898      3855
      3899       573
      3900      3904
      3901      3908
      3902       768
      3903       760
      3904      1654
      3905      3903
      3906      3627
      3907       267
      3908       374
      3909      3917
      3910      1478
      3911      2327
      3912      3061
      3913      3917
      3914      3271
      3915      4148
      3916      3868
      3917      3905
      3918      1903
      3919      3915
      3920      3705
      3921      2923
      3922       761
      3923      1098
      3924      2673
      3925      3964
      3926      4668
      3927      3796
      3928      1447
      3929      3607
      3930      3935
      3931       491
      3932      4096
      3933      2467
      3934      3593
      3935      2361
      3936      3946
      3937      1421
      3938      3888
      3939      2467
      3940      3941
      3941      3946
      3942      3051
      3943       583
      3944       582
      3945      3370
      3946       582
      3947      2294
      3948       804
      3949      2244
      3950      4157
      3951      2003
      3952      2726
      3953      4475
      3954      3952
      3955      3954
      3956      3954
      3957      2552
      3958      3961
      3959      3964
      3960      3899
      3961       299
      3962      2447
      3963      3480
      3964      3962
      3965       492
      3966      3894
      3967      3971
      3968      3471
      3969      3973
      3970      1985
      3971      3224
      3972      3975
      3973      4125
      3974      4040
      3975      3566
      3976      4104
      3977      3256
      3978      1354
      3979      1368
      3980      3294
      3981      1354
      3982      3068
      3983      2294
      3984      3083
      3985      1835
      3986      1939
      3987      1150
      3988      3422
      3989      2596
      3990      3984
      3991      3203
      3992      4019
      3993      2520
      3994      4006
      3995      3874
      3996       959
      3997      2958
      3998      1348
      3999      4006
      4000       677
      4001      4011
      4002      1509
      4003       903
      4004      1242
      4005      2817
      4006      2471
      4007      3741
      4008      1863
      4009      3624
      4010       591
      4011      1835
      4012      3480
      4013      1835
      4014      2597
      4015      3480
      4016       492
      4017      3227
      4018      3904
      4019      1285
      4020      3624
      4021      1788
      4022      4025
      4023      1816
      4024      3603
      4025      3603
      4026      4034
      4027      4031
      4028      3619
      4029      3557
      4030      4034
      4031      1354
      4032      2680
      4033      2975
      4034      4035
      4035      4032
      4036      3562
      4037      3321
      4038      2995
      4039      2033
      4040      4012
      4041       607
      4042      3990
      4043      3587
      4044      2107
      4045      4047
      4046       712
      4047      1811
      4048      3990
      4049      2885
      4050      1935
      4051       712
      4052       325
      4053      1797
      4054      4124
      4055      4054
      4056      2889
      4057      1478
      4058      1060
      4059      3774
      4060       946
      4061      3865
      4062      3786
      4063      4061
      4064      3065
      4065      1389
      4066      1405
      4067      1595
      4068      3387
      4069      3418
      4070      3786
      4071       456
      4072      3296
      4073      2905
      4074      4081
      4075      3279
      4076      2134
      4077      4081
      4078       567
      4079      3669
      4080      2276
      4081      4085
      4082       587
      4083      4080
      4084      3944
      4085       474
      4086      2123
      4087      4086
      4088       515
      4089       515
      4090       567
      4091       889
      4092      3071
      4093      1272
      4094      3182
      4095      3678
      4096      4128
      4097      4194
      4098      3443
      4099      4128
      4100      4104
      4101      4107
      4102      2010
      4103       809
      4104      4109
      4105       688
      4106      4111
      4107      4105
      4108       825
      4109      3745
      4110      3468
      4111      4110
      4112      3388
      4113      2502
      4114      2940
      4115      3705
      4116      1041
      4117      2940
      4118      4121
      4119      3833
      4120      3183
      4121       469
      4122      2673
      4123      4293
      4124      2007
      4125       367
      4126      1270
      4127      2285
      4128      4127
      4129      3182
      4130      3859
      4131       932
      4132      3172
      4133      1284
      4134       510
      4135      4031
      4136      4288
      4137      2101
      4138      3633
      4139       597
      4140      4325
      4141      4142
      4142      2463
      4143       308
      4144       257
      4145       461
      4146      4149
      4147       363
      4148      3903
      4149       742
      4150      2926
      4151      1381
      4152      4050
      4153      2582
      4154      2993
      4155      2235
      4156       870
      4157       461
      4158      4044
      4159      4105
      4160      2346
      4161      3388
      4162      4161
      4163      3908
      4164      3740
      4165      2903
      4166      3646
      4167      4168
      4168      2944
      4169      2554
      4170      4174
      4171       549
      4172       606
      4173      3033
      4174      3423
      4175      4171
      4176      2176
      4177      4179
      4178      4141
      4179      2146
      4180      4183
      4181       825
      4182      4185
      4183      4000
      4184      4186
      4185      3675
      4186      2642
      4187       405
      4188      3870
      4189      4657
      4190      2141
      4191      2588
      4192       786
      4193      2274
      4194      3952
      4195      3688
      4196      1124
      4197      2007
      4198      4386
      4199      4124
      4200      2181
      4201      4477
      4202      4031
      4203      2072
      4204      1886
      4205       786
      4206      4199
      4207      3605
      4208      2496
      4209      4214
      4210      4216
      4211      4218
      4212      2785
      4213      4373
      4214      3449
      4215       401
      4216      4220
      4217      4064
      4218      1334
      4219       401
      4220      1189
      4221      2545
      4222      1038
      4223      4533
      4224      1174
      4225      4196
      4226      4108
      4227      4484
      4228      4418
      4229      4227
      4230      3836
      4231      2327
      4232       663
      4233      3263
      4234      4366
      4235      2787
      4236       877
      4237      1003
      4238      2062
      4239      2896
      4240      4286
      4241      4239
      4242      4244
      4243      1332
      4244      2073
      4245      2035
      4246      1379
      4247      3976
      4248      4252
      4249      4382
      4250      2298
      4251      4255
      4252      3773
      4253      4252
      4254      3270
      4255      3270
      4256       687
      4257      3619
      4258      2935
      4259       409
      4260       790
      4261       409
      4262      3094
      4263      4709
      4264      4270
      4265      4269
      4266      4270
      4267      1189
      4268      1189
      4269      3815
      4270       510
      4271       403
      4272      4269
      4273       418
      4274      4271
      4275      4265
      4276      2036
      4277      4279
      4278      3987
      4279      4282
      4280      4286
      4281       870
      4282      3194
      4283      2299
      4284       813
      4285      3834
      4286      1286
      4287      2670
      4288      2042
      4289      4292
      4290      4293
      4291      4289
      4292      1816
      4293      1175
      4294      4293
      4295      3122
      4296      2269
      4297       455
      4298      4697
      4299      3122
      4300      4306
      4301      4308
      4302      4296
      4303      2500
      4304      2273
      4305      1243
      4306      3980
      4307       779
      4308      4312
      4309      4220
      4310       779
      4311      4315
      4312       370
      4313      4080
      4314      4319
      4315      3655
      4316      4317
      4317       411
      4318       782
      4319      4317
      4320      4318
      4321      2298
      4322       651
      4323      4552
      4324       580
      4325      3296
      4326      3741
      4327      4330
      4328      3853
      4329       341
      4330       652
      4331       448
      4332      4337
      4333      3702
      4334      4341
      4335       649
      4336      3226
      4337      1381
      4338      2129
      4339      3420
      4340      4347
      4341       758
      4342      4346
      4343       635
      4344      2507
      4345      3995
      4346      3416
      4347      4218
      4348      4344
      4349       883
      4350      3100
      4351      4346
      4352      4346
      4353      4348
      4354      3100
      4355      4352
      4356      2141
      4357      3833
      4358      4354
      4359      4354
      4360      4358
      4361      4358
      4362      4484
      4363      1035
      4364      4367
      4365      3180
      4366      4365
      4367      3303
      4368      4374
      4369       105
      4370      2137
      4371      4373
      4372      2521
      4373      1340
      4374      4375
      4375      3094
      4376      1122
      4377      3375
      4378       858
      4379      4383
      4380      4610
      4381      3639
      4382      4377
      4383      4064
      4384      1158
      4385      1004
      4386      2508
      4387      4386
      4388      4386
      4389      1117
      4390       589
      4391      2035
      4392      3829
      4393      1927
      4394      2010
      4395      1019
      4396      4277
      4397      1304
      4398      2592
      4399       627
      4400      1004
      4401      4326
      4402      2108
      4403      1059
      4404      4666
      4405       155
      4406      4413
      4407       578
      4408       609
      4409       753
      4410      2958
      4411      1795
      4412      4415
      4413      4208
      4414      2154
      4415      3762
      4416      4257
      4417      1904
      4418      4131
      4419      4421
      4420       988
      4421      1954
      4422      4421
      4423      4425
      4424      4107
      4425       665
      4426      4557
      4427      2076
      4428      1126
      4429       563
      4430      3084
      4431      4290
      4432      4396
      4433      4217
      4434      3811
      4435      2012
      4436      2539
      4437       698
      4438      2686
      4439      4442
      4440      4447
      4441      1991
      4442       618
      4443      4440
      4444      4443
      4445      4441
      4446      4266
      4447       809
      4448      3894
      4449      3640
      4450      1158
      4451      2171
      4452      2886
      4453      2031
      4454      4238
      4455      4651
      4456      2047
      4457      3307
      4458      1134
      4459      4100
      4460      4265
      4461      2127
      4462       561
      4463      4100
      4464      1078
      4465      4418
      4466      4463
      4467       806
      4468       806
      4469      2299
      4470      1929
      4471      4477
      4472      3671
      4473      4471
      4474      2012
      4475      1920
      4476       570
      4477      4475
      4478      3065
      4479      4326
      4480      1324
      4481      4724
      4482      2497
      4483      1870
      4484       790
      4485       679
      4486      3899
      4487      2886
      4488      4279
      4489      2025
      4490      4282
      4491       667
      4492      4277
      4493      4494
      4494      1400
      4495      4328
      4496       577
      4497       931
      4498      4720
      4499       399
      4500      4499
      4501       729
      4502      4181
      4503      4677
      4504      1008
      4505      1936
      4506      1163
      4507      2253
      4508      4361
      4509      4575
      4510      4309
      4511      4512
      4512      2585
      4513       724
      4514      4515
      4515      4578
      4516      4557
      4517      4387
      4518      4388
      4519      2539
      4520      4522
      4521      4627
      4522      2917
      4523      4522
      4524      4528
      4525      4701
      4526       649
      4527      4531
      4528      1003
      4529      4701
      4530      4528
      4531      4122
      4532      2566
      4533      3740
      4534      2190
      4535      4536
      4536      4537
      4537      4093
      4538       827
      4539      4436
      4540      4083
      4541      1192
      4542      4543
      4543      1234
      4544      4546
      4545      2138
      4546      4545
      4547      1897
      4548      4546
      4549       828
      4550      4553
      4551      4683
      4552      4500
      4553      1910
      4554      1145
      4555      2070
      4556      2195
      4557      4558
      4558      3203
      4559       610
      4560      4420
      4561      2209
      4562      4380
      4563       946
      4564      4566
      4565       758
      4566      1927
      4567       653
      4568      3726
      4569      2086
      4570      2086
      4571       558
      4572      4571
      4573      4575
      4574      1975
      4575      4094
      4576       540
      4577       962
      4578      4233
      4579      4461
      4580      4577
      4581      4243
      4582      2512
      4583      4586
      4584      2127
      4585      4586
      4586      1020
      4587      4584
      4588      4612
      4589      4584
      4590      3068
      4591      4589
      4592      4450
      4593       836
      4594      4534
      4595      4597
      4596      4594
      4597      4598
      4598      4447
      4599      3853
      4600      2684
      4601      3853
      4602      4604
      4603      2201
      4604      2736
      4605      2636
      4606      3483
      4607      4380
      4608      2103
      4609      4464
      4610      4384
      4611      1120
      4612      2060
      4613      4635
      4614      4635
      4615       921
      4616      1332
      4617      2793
      4618      4560
      4619      4663
      4620      4623
      4621      4663
      4622       618
      4623      4624
      4624      2480
      4625      1281
      4626      4625
      4627      4626
      4628      1107
      4629       921
      4630      4502
      4631      4464
      4632      3197
      4633       847
      4634      4635
      4635      4436
      4636      1120
      4637      4638
      4638      4491
      4639       732
      4640      2684
      4641      1015
      4642      4112
      4643      1032
      4644      4647
      4645      4699
      4646      1032
      4647      3987
      4648      4562
      4649      2793
      4650      3159
      4651      2070
      4652      4384
      4653       513
      4654      4651
      4655      4654
      4656      3321
      4657      1871
      4658      4659
      4659      2178
      4660      1015
      4661       784
      4662      4414
      4663      4623
      4664      4515
      4665       732
      4666      2008
      4667       540
      4668       437
      4669      4670
      4670      4549
      4671      4543
      4672      4597
      4673       906
      4674      4675
      4675       804
      4676      3279
      4677      3145
      4678       199
      4679      1273
      4680      1031
      4681      4683
      4682      1163
      4683      2166
      4684      3826
      4685      3701
      4686       951
      4687      2093
      4688      1110
      4689       583
      4690      3123
      4691      1847
      4692      2181
      4693      1078
      4694      4560
      4695      4665
      4696      4127
      4697       399
      4698       732
      4699       732
      4700      4610
      4701      2566
      4702      2026
      4703      3872
      4704      4703
      4705       785
      4706       995
      4707      4359
      4708       254
      4709      3932
      4710      2174
      4711      1832
      4712      3147
      4713       318
      4714      4683
      4715      4208
      4716      1032
      4717      1210
      4718      2588
      4719       461
      4720      1110
      4721      4366
      4722       894
      4723      2684
      4724      3793
