    1
    2
    3
    4
    5
    6
    7
    8
    9
   10
   11
   12
   13
   14
   15
   16
   17
   18
   19
   20
   21
   22
   23
   24
   25
   26
   27
   28
   29
   30
   31
   32
   33
   34
   35
   36
   37
   38
   39
   40
   41
   42
   43
   44
   45
   46
   47
   48
   49
   50
   51
   52
   53
   54
   55
   56
   57
   58
   59
   60
   61
   62
   63
   64
   65
   66
   67
   68
   69
   70
   71
   72
   73
   74
   75
   76
   77
   78
   79
   80
   81
   82
   83
   84
   85
   86
   87
   88
   89
   90
   91
   92
   93
   94
   95
   96
   97
   98
   99
  100
  101
    3
    5
    7
    8
   11
   11
   15
   17
   20
   22
   24
   25
   27
   29
   31
   33
   33
   36
   40
   40
   43
   45
   47
   50
   50
   52
   52
   55
   57
   59
   62
   65
   66
   69
   70
   72
   73
   75
   78
   79
   81
   84
   85
   87
   89
   90
   92
   94
   96
   98
  152
  153
    3
    5
    5
    8
    9
   11
   11
   14
   14
   17
   17
   17
   20
   23
   25
   25
   29
   29
   30
   33
   38
   40
   40
   42
   42
   45
   47
   50
   50
   50
   54
   57
   59
   59
   62
   65
   65
   69
   69
   71
   75
   78
   78
   80
   82
   84
   84
   86
   90
   92
   94
   97
   98
  207
  208
  153
    5
    5
   11
   11
   11
   17
   17
   17
   20
   25
   25
   25
   25
   29
   29
   29
   33
   33
   33
   40
   40
   42
   45
   45
   50
   54
   57
   57
   59
   65
   65
   69
   73
   73
   73
   78
   78
   80
   84
   85
   90
   90
   90
   90
   94
   97
  257
  257
  258
  258
  368
    5
   11
   11
   11
   17
   17
   17
   20
   25
   25
   29
   29
   33
   33
   33
   33
   36
   40
   42
   42
   45
   45
   45
   50
   50
   54
   57
   59
   62
   62
   65
   69
   69
   73
   73
   78
   78
   90
   90
   90
   90
   90
   90
   90
   94
   94
   94
  367
  367
  310
  311
  368
  368
  368
    5
   11
   11
   17
   17
   17
   20
   25
   25
   25
   29
   33
   33
   33
   33
   45
   45
   45
   45
   45
   45
   50
   50
   50
   57
   57
   59
   59
   59
   65
   65
   65
   65
   73
   73
   73
   73
   78
   78
   78
   90
   90
   90
   90
   90
   90
   90
   94
   94
  367
  367
  367
  367
  368
  368
  368
  368
   11
   17
   17
   17
   17
   17
   17
   17
   25
   25
   25
   25
   25
   29
   33
   33
   33
   33
   45
   45
   45
   45
   50
   52
   57
   57
   59
   65
   65
   65
   65
   65
   73
   73
   73
   78
   78
   90
   90
   90
   90
   90
   94
   94
  367
  367
  418
  419
  368
  368
  368
   17
   17
   17
   17
   17
   17
   25
   25
   25
   25
   33
   33
   33
   33
   33
   45
   45
   45
   45
   45
   50
   50
   57
   57
   57
   59
   65
   65
   65
   65
   65
   73
   73
   73
   73
   73
   90
   90
   90
   90
   90
   90
   90
   94
   94
  523
  470
  470
  471
  524
  524
   17
   17
   17
   17
   17
   17
   25
   25
   25
   33
   33
   33
   33
   33
   33
   33
   33
   45
   45
   45
   45
   45
   45
   45
   45
   57
   57
   57
   65
   65
   65
   65
   65
   65
   73
   73
   73
   73
   73
   90
   90
   90
   90
   90
   90
   90
   90
   90
  779
  523
  524
  524
  524
  524
   17
   17
   17
   17
   17
   17
   25
   25
   25
   33
   33
   33
   33
   33
   33
   33
   45
   45
   45
   45
   45
   45
   45
   45
   45
   45
   45
   45
   65
   65
   65
   65
   73
   73
   73
   73
   73
   90
   90
   90
   90
   90
   90
   90
  779
  523
  629
  575
  576
  524
  682
   17
   17
   17
   17
   17
   17
   17
   17
   25
   25
   33
   33
   33
   33
   33
   33
   33
   33
   45
   45
   45
   45
   45
   45
   45
   45
   45
   65
   65
   65
   65
   65
   65
   65
   73
   73
   73
   73
   90
   90
   90
   90
   90
   90
   90
  779
  779
  779
  779
  629
  629
  630
  630
  682
  682
  682
   17
   17
   17
   17
   17
   17
   25
   33
   33
   33
   33
   33
   33
   33
   33
   45
   45
   45
   45
   45
   45
   45
   45
   45
   45
   45
   65
   65
   65
   65
   65
   73
   73
   73
   73
   73
   90
   90
   90
   90
  779
  779
  779
  779
  779
  629
  681
  682
  682
   17
   17
 1613
 1613
 1613
 1613
   25
   33
   33
   33
   33
   33
   33
   33
   33
   45
   45
   45
   45
   45
   45
   45
   45
   45
   65
   65
   65
   65
   65
   65
   73
   73
   73
   73
   73
   90
   90
   90
   90
  779
  779
  779
  779
  728
  728
  729
  682
  682
  682
  682
   17
   17
   17
 1613
 1613
   33
   33
   33
   33
   33
   33
   33
   45
   45
   45
   45
   45
   45
   45
   45
   45
   45
   65
   65
   65
   65
   65
   73
   73
   73
   73
   90
   90
   90
   90
   90
   90
   90
   90
  779
  779
  779
  779
  779
  779
  779
  780
  780
  682
  682
  682
   17
 1613
 1613
 1613
   33
   33
   33
   33
   33
   33
   33
   33
   33
   33
   33
   45
   45
   45
   45
   45
   45
   45
   45
   45
   45
   45
   65
   65
   73
   73
   73
   73
   73
   73
   90
   90
   90
   90
   90
  779
  779
  888
  779
  779
  888
  830
  831
  831
  682
  682
  682
  682
   17
 1613
 1613
 1613
 1613
 1613
 1613
   33
   33
   33
   33
   33
   33
   33
   33
   33
   33
   45
   45
   45
   45
   45
   45
   45
   45
   45
   45
   45
   45
 1666
   65
 1666
   65
   65
   73
   73
   73
 1674
   90
   90
   90
   90
   90
   90
   90
   90
  779
  888
  888
  888
  888
  888
  889
  831
  682
  682
 1115
 1115
 1613
 1613
 1613
 1613
 1613
 1613
 1626
 1626
   33
   33
   33
   33
   33
   33
   33
   33
   45
   45
   45
   45
   45
   45
 1662
   45
   45
 1666
 1666
 1666
 1666
 1666
 1666
 1666
 1674
 1674
 1674
 1674
   90
   90
   90
   90
   90
   90
  888
  888
  888
  888
  888
  942
  943
  831
 1115
 1115
 1115
 1115
 1613
 1613
 1613
 1613
 1613
 1613
 1613
 1613
 1626
 1626
   33
   33
   33
   33
   33
   33
   33
   33
   33
   45
   45
   45
   45
   45
   45
   45
   45
 1662
 1662
 1662
 1666
 1666
 1666
 1666
 1666
 1666
 1674
 1674
 1674
   90
   90
   90
   90
   90
   90
  888
  888
  888
  888
  999
  999
 1000
 1000
 1115
 1115
 1115
 1613
 1613
 1613
 1613
 1613
 1613
 1613
 1613
 1613
 1626
 1626
 1626
   33
   33
   33
   33
   33
   33
   33
   33
   45
   45
   45
   45
   45
 1662
 1662
 1662
 1662
 1662
 1666
 1666
 1666
 1666
 1666
 1674
 1674
 1674
 1674
 1674
   90
   90
   90
   90
   90
   90
  888
  888
  888
 1057
 1057
 1057
 1057
 1058
 1115
 1115
 1115
 1115
 1115
 1613
 1613
 1613
 1613
 1613
 1613
 1613
 1626
 1626
 1626
 1626
   33
 1636
   33
   33
   33
   33
   33
   33
 1647
   45
   45
   45
 1662
 1662
 1662
 1662
 1662
 1662
 1666
 1666
 1666
 1666
 1666
 1674
 1674
 1674
 1674
 1674
 1674
 1674
   90
   90
   90
   90
 1225
 1225
 1225
 1225
 1057
 1114
 1115
 1115
 1115
 1115
 1613
 1613
 1613
 1613
 1613
 1613
 1613
 1626
 1626
 1626
 1626
 1626
 1636
 1636
 1636
 1642
 1642
   33
 1647
 1647
 1647
 1662
 1662
 1662
 1662
 1662
 1662
 1666
 1666
 1666
 1666
 1666
 1674
 1674
 1674
 1674
 1674
 1674
 1674
   90
   90
 1689
 1689
 1689
 1225
 1225
 1225
 1225
 1225
 1168
 1169
 1115
 1115
 1115
 1115
 1115
 1613
 1613
 1613
 1613
 1613
 1613
 1626
 1626
 1626
 1626
 1626
 1626
 1636
 1636
 1636
 1642
 1642
 1647
 1647
 1647
 1647
 1647
 1662
 1662
 1662
 1662
 1662
 1666
 1666
 1666
 1666
 1666
 1666
 1666
 1674
 1674
 1674
 1674
 1674
 1683
 1683
 1689
 1689
 1689
 1689
 1225
 1225
 1225
 1225
 1225
 1225
 1226
 1226
 1115
 1115
 1613
 1613
 1613
 1613
 1613
 1613
 1613
 1613
 1626
 1626
 1626
 1626
 1626
 1636
 1636
 1636
 1636
 1642
 1642
 1647
 1647
 1647
 1647
 1647
 1647
 1647
 1662
 1662
 1662
 1662
 1666
 1666
 1666
 1666
 1666
 1674
 1674
 1674
 1674
 1674
 1674
 1683
 1683
 1689
 1689
 1225
 1225
 1225
 1225
 1225
 1280
 1281
 1338
 1338
 1115
 1115
 1613
 1613
 1613
 1613
 1613
 1613
 1613
 1626
 1626
 1626
 1626
 1626
 1636
 1636
 1636
 1636
 1642
 1642
 1642
 1647
 1647
 1647
 1647
 1647
 1650
 1662
 1662
 1662
 1662
 1662
 1666
 1666
 1666
 1666
 1672
 1674
 1674
 1674
 1674
 1674
 1683
 1683
 1689
 1689
 1689
 1689
 1689
 1693
 1693
 1452
 1452
 1337
 1338
 1338
 1338
 1115
 1613
 1613
 1613
 1613
 1613
 1613
 1620
 1626
 1626
 1626
 1626
 1626
 1630
 1630
 1632
 1636
 1636
 1636
 1642
 1642
 1642
 1647
 1647
 1647
 1650
 1650
 1662
 1662
 1662
 1662
 1666
 1666
 1666
 1666
 1672
 1672
 1672
 1674
 1674
 1674
 1674
 1683
 1683
 1689
 1689
 1689
 1689
 1693
 1693
 1452
 1452
 1452
 1394
 1395
 1338
 1338
 1608
 1613
 1613
 1613
 1613
 1613
 1617
 1620
 1626
 1626
 1626
 1626
 1630
 1630
 1630
 1632
 1636
 1636
 1642
 1642
 1642
 1647
 1647
 1650
 1653
 1655
 1662
 1662
 1662
 1662
 1666
 1666
 1666
 1672
 1672
 1672
 1674
 1674
 1674
 1674
 1674
 1683
 1683
 1689
 1689
 1689
 1689
 1689
 1693
 1693
 1693
 1452
 1452
 1452
 1452
 1453
 1453
 1453
 1608
 1609
 1613
 1613
 1613
 1617
 1617
 1620
 1626
 1626
 1626
 1630
 1630
 1632
 1632
 1636
 1642
 1642
 1647
 1647
 1647
 1650
 1653
 1653
 1655
 1662
 1662
 1666
 1666
 1668
 1672
 1672
 1674
 1674
 1680
 1683
 1685
 1689
 1689
 1689
 1693
 1695
 1699
 1452
 1500
 1501
 1501
 1606
 1608
 1609
 1611
 1615
 1617
 1620
 1623
 1626
 1628
 1628
 1630
 1632
 1634
 1636
 1638
 1638
 1642
 1644
 1647
 1647
 1647
 1650
 1653
 1658
 1658
 1662
 1662
 1666
 1666
 1668
 1668
 1672
 1674
 1677
 1678
 1680
 1683
 1683
 1685
 1687
 1689
 1689
 1693
 1695
 1697
 1698
 1699
 1551
 1552
 1605
 1607
 1609
 1611
 1613
 1614
 1616
 1618
 1620
 1621
 1623
 1626
 1627
 1630
 1631
 1635
 1636
 1638
 1639
 1642
 1645
 1649
 1651
 1653
 1655
 1657
 1659
 1662
 1663
 1664
 1666
 1667
 1669
 1671
 1674
 1675
 1677
 1680
 1680
 1683
 1685
 1686
 1687
 1691
 1692
 1694
 1695
 1698
 1701
 1602
 1603
 1604
 1605
 1606
 1607
 1608
 1609
 1610
 1611
 1612
 1613
 1614
 1615
 1616
 1617
 1618
 1619
 1620
 1621
 1622
 1623
 1624
 1625
 1626
 1627
 1628
 1629
 1630
 1631
 1632
 1633
 1634
 1635
 1636
 1637
 1638
 1639
 1640
 1641
 1642
 1643
 1644
 1645
 1646
 1647
 1648
 1649
 1650
 1651
 1652
 1653
 1654
 1655
 1656
 1657
 1658
 1659
 1660
 1661
 1662
 1663
 1664
 1665
 1666
 1667
 1668
 1669
 1670
 1671
 1672
 1673
 1674
 1675
 1676
 1677
 1678
 1679
 1680
 1681
 1682
 1683
 1684
 1685
 1686
 1687
 1688
 1689
 1690
 1691
 1692
 1693
 1694
 1695
 1696
 1697
 1698
 1699
 1700
 1701
 1702
    6
   10
   12
   14
   16
   22
   23
   26
   35
   37
   39
   41
   56
   67
   68
   69
   74
   75
   82
   83
   88
  153
    8
   14
   17
   29
   30
   42
   45
   50
   50
   52
   64
   65
   65
   69
   71
   85
   90
   90
   94
   95
  208
    5
   11
   17
   20
   25
   29
   33
   36
   50
   50
   54
   54
   57
   59
   59
   62
   65
   73
   73
   78
   84
   90
  258
   11
   17
   17
   29
   33
   40
   45
   42
   45
   52
   57
   62
   62
   65
   65
   73
   78
   90
   90
   94
  367
  311
   11
   17
   25
   25
   29
   33
   45
   50
   54
   57
   57
   59
   69
   73
   73
   78
   90
   90
   90
   90
   94
  367
   11
   11
   17
   17
   17
   25
   25
   25
   33
   33
   33
   33
   45
   45
   45
   45
   50
   57
   57
   65
   73
   73
   73
   78
   90
   90
  368
  368
   17
   17
   25
   33
   33
   33
   33
   33
   45
   45
   50
   45
   57
   65
   65
   73
   73
   73
   78
   90
   90
   90
  523
  418
  471
  368
   17
   25
   33
   33
   33
   33
   45
   45
   57
   73
   73
   90
   90
   90
   90
   90
  523
  524
   17
   17
   17
   17
   25
   33
   33
   45
   45
   45
   45
   45
   45
   45
   65
   65
   73
   73
   73
   90
   90
   90
   90
   90
   90
  575
  630
   17
   17
   17
   25
   25
   33
   33
   33
   33
   45
   45
   45
   45
   45
   65
   65
   65
   65
   65
   73
   73
   90
   90
   90
   90
  779
  779
  779
  779
  682
   17
 1613
   25
   25
   33
   45
   45
   45
   45
   65
   65
   65
   65
   73
   73
   90
   90
   90
   90
  779
  682
  682
   17
   17
   17
 1613
 1613
 1613
 1613
 1613
   33
   33
   33
   45
   45
   45
   45
   45
   73
   73
   90
   90
  779
  779
  779
  729
  682
 1613
 1613
   25
   33
   33
   33
   33
   45
   45
   65
   65
   73
   73
   73
   73
   90
  779
  682
   17
   17
   17
 1613
   33
   33
   33
   45
   45
   45
   45
   45
   45
   45
   45
   45
   45
   65
   65
   65
   65
   73
   73
   73
   73
  779
  779
  779
  779
  830
  682
   17
 1613
 1613
 1613
 1613
   33
   33
   33
   33
   33
   33
   45
   45
   65
   65
   65
   65
   90
   90
   90
   90
   90
   90
  888
  888
  888
 1115
 1115
 1613
 1613
 1613
   33
   33
   33
   33
   33
   45
   45
   45
 1662
   45
   45
 1666
 1666
   73
 1674
   73
   90
  942
 1115
 1613
 1613
 1613
 1613
 1613
   33
   33
   45
   45
   45
 1662
 1674
 1674
 1674
 1674
   90
   90
   90
   90
  999
 1115
 1115
 1613
 1613
 1613
 1613
   33
   33
   33
   33
   33
   45
 1662
 1662
 1666
 1674
 1674
   90
 1115
 1613
 1613
 1613
 1626
   33
   33
 1636
   33
   33
 1647
   45
 1662
 1662
 1662
 1666
 1666
 1674
   90
   90
 1689
   90
 1225
 1225
 1115
 1613
 1613
 1613
 1626
 1636
 1636
 1636
 1642
 1642
   33
 1647
 1647
   45
 1662
 1666
 1666
 1674
 1674
 1674
 1674
   90
 1689
 1225
 1115
 1115
 1613
 1613
 1613
 1626
 1626
 1626
 1626
 1647
 1647
 1662
 1662
 1662
 1666
 1666
 1666
 1674
 1674
 1674
 1689
 1225
 1226
 1115
 1613
 1613
 1613
 1613
 1626
 1626
 1636
 1636
 1636
 1642
 1647
 1662
 1662
 1662
 1662
 1666
 1666
 1674
 1674
 1674
 1674
 1689
 1689
 1689
 1689
 1689
 1693
 1225
 1337
 1338
 1115
 1613
 1613
 1613
 1626
 1626
 1642
 1642
 1642
 1647
 1647
 1647
 1662
 1662
 1662
 1666
 1666
 1672
 1674
 1674
 1689
 1689
 1225
 1452
 1338
 1613
 1613
 1613
 1620
 1620
 1626
 1626
 1630
 1630
 1636
 1642
 1647
 1662
 1666
 1666
 1683
 1693
 1452
 1453
 1338
 1626
 1632
 1636
 1642
 1642
 1647
 1655
 1666
 1666
 1666
 1672
 1674
 1683
 1689
 1689
 1693
 1452
 1452
 1452
 1626
 1630
 1647
 1650
 1653
 1662
 1662
 1666
 1666
 1672
 1672
 1683
 1689
 1693
 1693
 1699
 1699
 1605
 1608
 1613
 1617
 1620
 1628
 1634
 1636
 1638
 1642
 1642
 1644
 1647
 1650
 1655
 1658
 1662
 1666
 1670
 1678
 1683
 1685
 1689
 1693
 1698
 1551
 1606
 1608
 1615
 1624
 1633
 1637
 1641
 1647
 1652
 1665
 1668
 1672
 1678
 1681
 1682
 1684
 1687
 1700
   12
   15
   34
   45
   58
  153
   11
   17
   21
   23
   36
   40
   54
   59
   60
   67
   67
   69
   71
   73
   84
   90
  207
   17
   69
   73
   73
   94
   11
   11
   17
   29
   42
   50
   90
  310
  368
   17
   33
   40
   45
   57
   65
   90
   94
  368
   17
   25
   33
   45
   45
   45
   78
   90
  368
   17
   45
   45
   45
   45
   59
   65
   90
   90
   90
   90
   17
   25
   33
   45
   65
   90
  524
  524
   17
   33
   33
   65
   90
   90
  779
  524
  524
  682
   33
   65
   65
   73
   90
  630
   17
   17
   17
   33
   33
   90
   90
  779
  681
   17
   25
   45
   45
   73
   73
  779
 1613
   33
   45
   45
   73
  779
  780
   33
   45
   45
   45
   45
   65
   90
  779
  779
  888
  682
  682
   33
   33
   45
   45
   45
 1666
   73
   73
   90
   90
   90
  888
  888
  889
 1613
 1613
   33
   33
   45
   90
   90
   90
  888
  943
 1613
 1613
 1626
   45
 1662
 1666
 1674
 1000
 1115
 1613
   33
   33
   45
   45
 1666
 1674
 1674
  888
 1057
 1613
 1626
   33
   33
   45
   45
 1666
 1115
 1613
 1613
 1636
 1647
 1647
 1662
 1662
 1674
 1674
 1674
 1689
 1169
 1115
 1613
 1613
 1636
 1647
 1662
 1689
 1115
 1613
 1626
 1636
 1636
 1683
 1225
 1613
 1636
 1642
 1662
 1662
 1662
 1674
 1642
 1647
 1650
 1674
 1674
 1395
 1613
 1613
 1613
 1626
 1630
 1636
 1655
 1674
 1689
 1693
 1453
 1338
 1642
 1650
 1655
 1662
 1674
 1689
 1695
 1500
 1609
 1617
 1628
 1632
 1640
 1644
 1647
 1646
 1650
 1653
 1658
 1659
 1664
 1674
 1691
 1693
 1693
 1697
 1699
 1625
 1631
 1651
 1654
 1656
 1677
 1689
 1697
   19
   33
   42
   51
   54
   65
   71
   90
   94
   94
   42
   57
   45
   50
   65
  418
  368
   17
   45
   17
   45
   65
 1613
  682
  682
   45
   33
   33
  888
   33
   90
   90
 1613
 1613
 1647
 1666
 1680
 1626
 1606
 1617
 1628
 1632
 1634
 1638
 1647
 1650
 1658
 1666
 1678
 1685
   14
   40
   42
   57
   17
   20
   33
   33
   36
   50
   67
   73
   82
    5
   25
   42
   65
  367
  368
  524
   17
   33
   65
   90
   90
   65
   33
  682
 1613
   45
   33
   45
   73
  779
   45
  831
  888
  888
   33
   90
   90
 1000
 1613
   45
 1674
  888
 1115
 1647
 1115
 1613
 1636
 1226
 1395
 1613
 1501
 1624
 1640
 1658
 1666
 1674
 1677
 1685
 1698
 1626
 1687
   17
   64
   84
   45
  779
   45
   11
   36
   36
   38
   42
   54
   71
   84
  207
   17
   90
   59
   65
  576
   17
  779
   25
  779
  888
  888
  943
 1613
   45
 1057
 1666
 1636
 1642
 1647
 1613
 1662
 1642
 1500
 1609
 1632
 1644
 1650
 1653
  682
 1617
 1679
    9
   42
   42
   48
   54
   57
   65
   90
  831
  888
 1636
 1666
 1280
 1647
 1613
 1613
 1626
 1640
 1653
 1658
 1632
 1689
 1695
 1280
 1653
 1617
 1632
 1678
   17
   36
   59
   45
  831
 1058
  418
   54
   45
   49
    5
   38
   50
  831
 1225
 1626
 1680
 1689
 1689
 1695
 1701
   48
   59
  152
 1057
   59
   48
  888
 1640
   35
 1057
 1689
 1225
 1551
   45
 1695
 1632
    5
 1690
 1602
   59
 1640
   73
 1647
 1668
 1655
 1114
 1655
   17
 1613
 1662
 1655
 1666
 1662
 1655
 1655
  258
 1655
 1655
 1655
   17
 1655
 1666
 1674
 1626
   45
   33
 1626
 1647
 1613
 1666
 1674
   45
 1626
 1613
   33
 1626
   45
  368
   33
   45
 1620
 1674
 1674
 1338
  779
   50
 1338
   45
 1338
   33
  779
 1613
 1626
   17
 1642
   88
 1626
   73
 1613
   90
   73
 1613
 1630
 1683
  682
 1689
  682
 1630
   27
  523
 1670
   25
  682
 1630
 1683
   25
  682
  779
 1613
   27
 1670
   73
 1115
 1689
   20
   73
 1662
   73
   65
   29
   78
   65
 1225
   65
   73
   65
 1225
   29
 1689
 1674
 1672
   29
  780
 1452
 1672
   30
   97
 1452
 1662
 1662
   90
 1672
 1693
   97
   97
 1626
   17
 1662
 1613
 1693
   17
 1693
  258
   17
   33
 1642
   65
 1689
   17
   25
   90
 1642
   80
 1630
 1686
 1642
 1672
   25
   90
 1630
 1642
   65
 1642
   80
   17
   14
   62
   59
 1662
 1452
   17
  779
 1662
 1636
 1662
   17
   17
   73
 1613
 1636
 1674
 1115
   25
 1115
   17
 1647
   25
 1647
   85
   17
  682
   45
 1225
 1662
 1613
 1611
   17
   17
 1657
   86
 1613
 1662
 1626
 1649
    8
   33
 1626
   94
 1626
  153
 1613
   94
  471
 1626
 1626
   94
   33
   73
 1225
 1613
 1662
 1626
 1626
   45
   45
 1613
   73
 1609
   95
   33
 1626
  153
   50
 1613
 1662
 1630
   60
   50
   33
   86
   73
   65
   73
   45
 1666
   73
 1666
   82
   59
   65
 1609
   87
 1662
   17
    9
   17
   45
 1638
 1452
   90
    8
 1225
   45
   90
   45
 1452
   97
  257
   50
   90
   45
 1337
   25
 1689
  207
   90
   90
   90
   90
 1115
   90
   90
   90
  523
    3
    5
 1613
 1666
   45
   17
   90
   90
   45
   33
   90
   17
   45
 1647
 1666
   59
   45
  682
  779
 1613
  524
   65
 1606
   45
  524
 1632
 1613
   45
   78
   45
   78
   20
   25
 1057
 1666
 1613
 1225
 1666
   73
   25
 1668
   90
   90
 1225
   73
   78
  682
   78
   33
   78
  682
    6
   78
   94
   33
  368
 1620
   25
   33
  368
   33
   17
   33
   45
   45
   33
 1638
   65
   17
   33
   65
   33
 1666
   17
   90
   33
   90
 1672
   33
   17
 1632
   33
   33
   65
   17
   90
   65
   33
 1636
 1647
 1667
   90
   62
 1647
 1674
 1647
   62
  779
   62
   62
   95
 1674
   73
   65
 1674
   17
   17
 1650
 1674
   33
 1674
 1693
 1615
   90
   20
   33
  779
   25
 1626
 1626
 1626
 1225
  888
   90
 1225
 1613
    5
    5
   33
 1666
   50
   33
   23
   90
   23
   54
   33
   33
 1674
 1626
   33
   45
   65
 1674
   45
 1608
 1608
  779
   40
   65
   90
  629
 1674
  629
  629
   73
   33
 1662
   25
   73
   78
   33
 1666
   33
   45
   73
   78
 1613
  888
 1115
 1613
   57
   73
   57
   84
 1622
 1701
   45
 1057
   57
 1613
   17
   78
 1666
   73
 1666
   11
   73
   33
 1666
   50
   33
 1674
   45
   33
   25
   33
   73
   94
   25
   90
 1674
   45
 1674
  779
 1613
   25
   33
   73
   45
   90
   33
  779
   25
   73
   25
   45
  367
 1674
   36
 1674
   36
   50
 1674
 1674
   94
 1452
   33
 1674
  367
   33
 1452
 1674
   93
 1452
   90
   33
   33
 1636
   33
   45
   73
 1615
 1689
 1636
   45
   90
 1608
   45
 1608
   94
 1674
 1674
 1674
   73
 1628
 1689
 1674
 1628
 1662
   33
   94
   45
 1636
   73
   42
   85
 1613
 1636
   97
   65
   50
   17
    9
 1653
   73
  524
 1662
   59
   97
 1674
 1672
  524
   73
  367
   45
 1674
   17
   73
   17
   45
   17
  682
 1620
   45
   78
 1620
 1662
 1620
   45
  888
 1613
  888
   33
   17
  682
 1674
 1613
 1115
 1613
   45
 1674
 1674
   45
 1674
 1672
 1674
 1674
   45
   25
 1674
 1674
 1613
 1613
 1613
 1699
 1613
  779
 1613
 1632
   17
 1632
   11
 1666
 1683
   17
  682
 1613
   11
 1683
   11
 1683
 1658
  831
  888
 1647
   80
   33
 1647
 1647
 1620
   90
  779
 1636
   25
   90
  682
 1647
   90
   69
 1670
   33
 1613
   65
 1670
   80
 1338
 1613
   65
 1680
   65
   33
   80
 1680
 1680
 1613
 1613
 1662
   45
 1680
 1693
 1662
   90
 1636
   17
 1613
 1693
 1692
  523
   90
  523
   45
   57
   33
 1613
 1613
 1626
  629
 1642
 1613
 1626
 1642
 1658
 1617
 1626
 1617
 1658
 1626
 1674
 1626
   90
   90
 1674
 1613
   57
   17
   57
 1680
   57
   90
   33
   33
   73
   90
   90
 1057
 1674
 1225
   90
   36
 1630
   59
   45
   90
   90
   45
   90
 1689
   90
   90
   17
 1689
   52
   52
   52
   52
   59
   80
   90
   65
 1672
 1636
  779
   33
   73
 1693
  629
   73
 1613
   25
   25
   25
 1662
   25
   90
   11
   25
   90
   11
   11
 1662
 1689
 1662
 1613
 1613
 1613
 1613
 1613
 1693
   25
  523
 1695
   90
   62
  523
   62
   90
  523
   90
   90
   90
  368
 1225
 1626
   45
  888
   17
   40
    5
   17
   25
   90
  888
   90
 1666
  831
  682
  831
   33
    9
   20
   33
 1115
 1689
 1647
   33
  367
 1115
  368
 1613
   33
 1452
   73
   29
  888
 1666
   29
   29
 1689
 1689
   25
   90
   90
   33
  682
  682
  682
  831
  682
 1626
  831
 1626
 1626
   45
  682
 1626
   17
   17
   17
   45
   33
   17
 1620
   45
 1620
 1622
 1622
  779
 1674
  888
 1647
 1680
 1662
   45
   59
 1680
   97
   59
   59
   17
   17
   90
   17
   90
   90
   33
 1613
   94
 1613
   73
 1674
 1674
 1674
   54
   54
   54
 1647
 1644
    5
 1644
 1647
 1645
   59
   45
 1689
   73
 1689
   45
   45
   73
 1689
   73
   45
 1689
 1689
 1693
   45
 1689
   45
   33
   45
   33
   45
   17
   45
 1115
 1683
   65
 1613
   29
 1613
 1613
 1613
   45
 1644
 1642
   45
 1644
 1644
   94
   94
   84
   45
 1650
   94
   94
   90
   90
   90
  888
   78
   90
   73
 1674
 1647
 1636
 1674
 1636
 1693
   65
 1693
   17
   17
   45
   17
   90
   25
   78
   25
   90
   20
   33
   20
   20
   33
 1630
   33
 1666
 1626
 1626
   73
 1647
 1636
   20
   65
 1683
   90
 1683
   73
 1683
   17
 1642
 1680
 1642
 1642
 1642
  523
 1636
  523
 1613
   90
   45
 1613
   65
   90
   45
 1674
   33
 1613
  368
 1613
 1636
 1613
   33
    9
   33
   33
   45
   45
 1636
   45
   45
 1636
  524
   45
 1685
 1685
 1666
   90
   78
 1613
 1642
 1666
   59
   59
   25
   59
   73
 1666
   17
   45
 1630
 1674
   45
   73
   65
   65
 1662
   45
 1662
   45
   33
 1689
   57
   45
   25
   80
 1689
 1693
 1452
 1693
   17
 1689
 1662
 1662
 1662
   45
 1662
 1662
   45
   90
   11
 1613
   45
 1662
 1674
 1636
   65
   45
 1689
   45
   65
 1689
   20
 1638
   17
   45
   25
   65
   45
   65
 1630
 1662
 1662
  368
   80
   69
   80
   69
   80
 1338
 1642
   69
 1338
 1338
 1662
 1647
 1662
 1662
   90
 1662
   33
   25
   45
   90
 1642
   90
 1642
  779
 1642
   65
 1642
   17
   73
   84
   73
 1626
 1653
   65
   17
   45
  779
 1666
   65
   29
   65
  779
 1225
   45
   90
 1225
 1225
   80
 1683
 1680
   69
 1689
   33
 1672
   33
 1613
 1674
   65
   45
 1636
 1666
 1636
   45
   90
  888
   52
   25
   33
   33
   33
 1642
 1642
   45
 1655
 1655
 1626
 1626
   59
 1626
   17
 1613
   73
 1613
 1689
   59
   65
 1672
   73
 1689
 1689
   33
   94
 1613
   45
   45
   73
   73
 1608
   78
   73
 1608
   73
 1608
   57
   86
   45
   59
   33
   90
   33
 1642
 1115
  779
 1115
   73
 1115
 1626
 1613
  779
   33
   90
   33
  367
   29
 1689
 1693
 1683
 1662
   73
 1683
 1683
  779
 1613
   45
   78
  682
   65
   17
 1650
 1650
 1620
   33
  682
   45
  682
 1662
 1655
   45
 1225
   73
 1225
   73
 1225
 1674
 1626
   65
   65
   45
   73
 1674
 1693
 1662
   90
   33
   45
   45
   17
 1225
   90
 1620
  523
   17
 1225
 1619
   25
 1613
   33
 1666
   59
 1115
   33
 1613
 1666
   90
   33
 1115
 1636
   57
 1115
   45
 1636
 1115
   17
 1613
 1683
   65
 1674
   90
   73
   90
  888
 1647
 1647
 1647
 1647
 1666
 1672
 1620
   52
 1620
 1672
   52
   52
 1672
   90
 1674
   33
 1662
 1644
   45
  682
 1666
 1620
   25
   45
   65
   45
   90
   90
 1626
   90
   90
   90
 1115
   59
 1689
   33
  888
 1689
   33
  888
 1689
  368
   40
   65
  779
   45
 1693
   45
   45
  682
 1662
   59
   45
   45
   45
 1115
 1115
   90
   33
  779
   33
 1642
  779
   33
  682
   33
   73
   17
  682
   90
   33
   17
   33
   33
 1642
   45
   90
   65
  682
 1647
 1689
   65
   90
   73
 1689
 1674
 1613
 1674
 1613
 1613
 1674
 1613
 1655
 1626
 1626
   17
   45
   45
   65
   45
   90
   33
   57
   33
   57
 1613
   90
 1662
 1672
   45
   25
   33
 1115
   45
 1666
 1613
 1626
   45
 1626
 1662
 1630
   65
 1662
 1662
   45
   45
 1662
   25
   17
   90
 1666
 1666
 1613
   45
   90
   90
   90
 1613
   45
   33
   45
   33
 1613
   33
   73
 1613
   73
 1650
   65
   65
   65
   65
   25
   33
   17
 1674
   17
   17
   17
   17
 1689
   17
 1674
   17
  888
   90
 1613
 1225
 1225
 1225
 1674
   73
 1225
 1674
   17
   17
   65
   65
   65
 1647
 1647
   45
   45
 1674
   33
   45
   45
   45
   45
 1666
   25
   33
   90
   33
   33
 1689
 1683
 1642
 1666
  367
   45
 1115
   45
   90
   33
 1674
   90
 1626
   33
 1662
 1666
 1115
   57
   45
   90
 1642
   25
   25
   25
   25
   33
   25
   65
 1666
   65
 1115
   65
   17
 1626
 1626
 1647
 1666
   45
 1642
   90
 1666
   33
   33
   33
   65
 1636
 1626
 1636
   59
   73
 1613
   17
   73
   33
   33
 1636
   33
   33
   33
   45
   33
   45
   45
  682
 1689
 1662
 1662
   45
   73
 1689
   45
  888
 1647
   45
  888
  888
 1636
   90
 1636
   90
 1115
 1674
 1674
 1674
   17
 1674
  367
   33
 1647
   65
   73
 1613
 1613
 1647
 1225
 1647
 1613
 1613
   45
   90
   45
   17
   45
   45
 1626
 1626
 1626
 1626
 1689
 1647
 1689
 1626
 1689
   90
  682
   45
   90
   45
   45
   33
 1662
 1674
 1662
   45
   45
 1662
 1613
 1626
 1662
 1613
  368
   33
  368
   33
   33
  368
  524
  368
   17
 1674
   59
   45
  888
   33
  888
 1613
   50
   45
   33
   33
 1626
   50
 1613
   94
   45
   17
 1647
   73
 1647
   45
   73
 1647
   73
 1647
   73
   73
   73
 1626
  524
  524
  524
   65
 1613
 1626
 1626
   59
 1674
   45
 1115
 1225
 1115
 1613
 1666
   19
  682
   33
   45
 1642
   45
  524
   45
   45
  524
  368
  368
  524
   59
 1689
 1662
   45
 1662
 1613
 1613
 1666
   90
   90
   33
   45
   45
   90
   90
   45
   45
 1666
 1666
   45
   45
  779
  779
 1689
 1666
 1666
   17
 1647
   17
 1666
 1647
   45
  779
   45
 1647
   65
   65
   45
   90
   57
 1662
   45
   90
 1674
   90
   90
 1674
   90
   33
   33
   33
 1666
  779
 1647
   45
 1689
   65
   65
   65
   57
   90
  779
   59
   57
 1674
 1626
   45
   45
 1662
   90
   65
 1674
  779
 1674
 1674
  779
 1674
  779
   33
   45
   33
   45
 1666
   33
   33
   45
   90
   17
   73
 1689
 1689
   73
   45
 1613
   57
   45
 1647
 1683
 1662
   90
   90
   90
   17
  779
   90
 1662
   65
   65
   65
   57
   65
   65
   65
   65
   65
   65
   65
   65
   65
 1666
 1674
  888
 1683
  888
   25
 1683
   25
   45
   45
   65
 1613
 1613
   33
  418
   90
 1613
 1613
   17
   90
   45
 1647
 1647
 1647
   65
 1642
   65
 1642
 1642
 1642
   90
   73
   90
   73
 1636
 1674
   90
   90
 1666
   90
   65
   33
   57
   57
   57
   57
   65
 1683
 1613
 1683
 1683
 1626
 1683
 1613
   90
   90
 1666
 1666
   73
 1647
 1647
 1613
   65
  779
 1674
 1674
 1674
 1674
  888
   73
  888
   73
 1674
   25
   90
   33
   90
   65
   33
   33
   57
   65
   45
   65
   65
 1636
   65
 1636
  682
   45
   45
   45
   45
   45
   65
 1683
   73
   65
   73
   65
   33
   33
 1613
 1666
 1666
 1666
   57
 1613
 1613
 1666
   90
  888
 1666
 1666
 1115
 1115
 1620
 1666
 1689
   52
 1650
   73
 1642
 1666
 1666
 1613
 1666
   65
   90
   33
 1666
  779
   73
 1647
 1613
   65
   65
 1683
 1666
  779
   17
   17
   17
   17
  888
   90
   73
   65
 1666
 1642
   17
   65
   69
 1613
 1636
 1626
 1613
 1666
 1666
 1662
 1115
   65
 1642
 1666
 1666
   65
 1666
  523
   65
 1666
   65
   45
  682
