    1
    2
    3
    4
    5
    6
    7
    8
    9
   10
   11
   12
   13
   14
   15
   16
   17
   18
   19
   20
   21
   22
   23
   24
   25
   26
   27
   28
   29
   30
   31
   32
   33
   34
   35
   36
   37
   38
   39
   40
   41
   42
   43
   44
   45
   46
   47
   48
   49
   50
   51
   52
   53
   54
   55
   56
   57
   58
   59
   60
   61
   62
   63
   64
   65
   66
   67
   68
   69
   70
   71
   72
   73
   74
   75
   76
   77
   78
   79
   80
   81
   82
   83
   84
   85
   86
   87
   88
   89
   90
   91
   92
   93
   94
   95
   96
   97
   98
   99
  100
  101
    3
    5
    7
    8
   11
   12
   17
   18
   20
   21
   25
   25
   27
   27
   30
   33
   33
   36
   39
   42
   43
   46
   47
   50
   50
   52
   53
   55
   57
   62
   64
   65
   69
   70
   72
   73
   75
   78
   79
   81
   84
   85
   87
   89
   91
   92
   94
   96
   98
  151
  152
  152
    5
    5
    8
    8
   11
   11
   14
   14
   17
   17
   19
   21
   25
   27
   27
   27
   30
   33
   33
   38
   40
   40
   42
   42
   45
   47
   50
   50
   50
   54
   57
   57
   61
   65
   69
   73
   73
   75
   78
   78
   80
   81
   84
   84
   87
   89
   89
   92
   94
   97
   98
  205
  206
  206
    5
    8
   11
   11
   11
   17
   17
   17
   23
   23
   27
   27
   27
   27
   33
   33
   33
   33
   33
   40
   42
   42
   45
   50
   50
   50
   50
   57
   57
   57
   61
   61
   65
   65
   65
   69
   73
   73
   78
   78
   78
   78
   78
   84
   87
   87
   87
   94
   94
   94
   94
   97
  261
  261
  262
  375
  375
  375
   11
   11
   11
   17
   17
   17
   17
   21
   21
   27
   27
   33
   33
   33
   33
   33
   33
   42
   42
   50
   50
   50
   50
   50
   50
   57
   57
   57
   61
   61
   61
   65
   65
   69
   73
   73
   78
   78
   78
   78
   78
   87
   87
   89
   94
   94
   94
   94
  374
  261
  316
  317
  375
  375
  375
    8
   11
   11
   17
   17
   17
   17
   21
   21
   27
   27
   27
   33
   33
   33
   33
   33
   33
   50
   50
   50
   50
   50
   50
   50
   50
   57
   57
   57
   61
   61
   61
   61
   61
   65
   65
   73
   73
   73
   73
   78
   78
   78
   78
   78
   78
   89
   94
   94
   94
  374
  374
  374
  374
  375
  375
  375
  375
   11
   17
   17
   17
   17
   17
   17
   17
   27
   27
   27
   27
   33
   33
   33
   33
   33
   33
   50
   50
   50
   50
   50
   50
   57
   57
   61
   61
   61
   65
   65
   73
   73
   73
   73
   73
   78
   78
   78
   78
   78
   78
   78
   94
   94
   94
  374
  374
  427
  428
  375
  375
  375
   17
   17
   17
   17
   17
   17
   17
   27
   27
   27
   27
   33
   33
   33
   33
   50
   50
   50
   50
   50
   50
   50
   50
   57
   57
   57
   61
   61
   61
   61
   65
   73
   73
   73
   73
   73
   78
   78
   78
   78
   78
   78
   78
   94
   94
   94
   94
  537
  481
  481
  482
  538
  375
  375
   17
   17
   17
   17
   17
   17
   27
   27
   27
   27
   33
   33
   33
   33
   33
   33
   33
   33
   50
   50
   50
   50
   50
   50
   50
   50
   57
   57
   61
   61
   61
   65
   65
   65
   73
   73
   73
   73
   78
   78
   78
   78
   78
   78
   78
  813
   94
   94
   94
  537
  537
  537
  538
  538
  647
  647
   17
   17
   17
   17
   17
   17
   17
   27
   27
   33
   33
   33
   33
   33
   33
   33
   50
   50
   50
   50
   50
   50
   50
   50
   50
   50
   50
   50
   50
   61
   61
   61
   73
   73
   73
   73
   73
   73
   73
   78
   78
   78
   78
   78
   78
  813
  813
  813
  646
  646
  592
  593
  647
  647
   17
   17
   17
   17
   17
   17
   17
   27
   27
   27
   33
   33
   33
   33
   33
   33
   33
   50
   50
   50
   50
   50
   50
   50
   50
   50
   50
   50
   61
   61
   61
   61
   73
   73
   73
   73
   73
   73
   73
   73
   78
   78
   78
   78
   78
  813
  813
  813
  813
  646
  646
  647
  647
  647
  647
   17
   17
   17
   17
   17
   17
 1646
   27
   27
   27
   33
   33
   33
   33
   33
   33
   33
   33
   50
   50
   50
   50
   50
   50
   50
   50
   50
   50
   50
   61
   61
   61
   61
   73
   73
   73
   73
   73
   73
   73
   73
   73
   73
   78
   78
   78
   78
  813
  813
  813
  813
  813
  646
  704
  705
  647
  647
  647
   17
   17
   17
   17
 1646
 1646
 1646
   27
   33
   33
   33
   33
   33
   33
   33
   33
   50
   50
   50
   50
   50
   50
   50
   50
   50
   50
   50
   61
   61
   61
   61
   73
   73
   73
   73
   73
   73
   73
   73
   78
   78
   78
   78
  813
  813
  813
  813
  813
  758
  758
  759
  814
  814
  814
   17
   17
   17
   17
 1646
 1646
 1646
   33
   33
   33
   33
   33
   33
   33
   33
   33
   50
   50
   50
   50
   50
   50
   50
   50
   50
   61
   61
   73
   73
   73
   73
   73
   73
   73
   73
   78
   78
   78
   78
   78
   78
   78
   78
  813
  813
  813
  813
  813
  813
  813
  813
  814
  814
  814
   17
   17
   17
   17
 1646
 1646
 1646
 1646
   33
   33
   33
   33
   33
   33
   33
   33
   33
   33
   50
   50
   50
   50
   50
   50
   50
   50
   50
   50
   73
   73
   73
   73
   73
   73
 1707
   78
   78
   78
   78
  813
  813
  813
  813
  813
  813
  862
  863
  863
  863
 1147
   17
   17
   17
 1646
 1646
 1646
 1646
 1646
 1646
 1646
   33
   33
   33
   33
   33
   33
   33
   33
   33
   33
   50
   50
   50
   50
   50
   50
   50
   50
   50
   50
   50
   50
   61
   73
   73
   73
   73
   73
 1707
 1707
   78
   78
   78
   78
   78
   78
   78
  813
  813
 1087
 1087
 1087
 1087
  921
  921
  922
  863
  863
 1147
 1147
 1147
   17
 1646
 1646
 1646
 1646
 1646
 1659
 1659
   33
   33
   33
   33
   33
   33
   33
   33
   50
   50
   50
   50
   50
 1691
 1691
   50
   50
   50
 1699
 1699
 1699
   73
   73
 1707
 1707
 1707
 1707
 1707
   78
   78
   78
   78
   78
   78
   78
 1087
 1087
 1087
 1087
 1087
 1087
 1087
  978
  979
  863
 1147
 1147
 1646
 1646
 1646
 1646
 1646
 1646
 1646
 1646
 1659
 1659
   33
   33
   33
   33
   33
   33
   33
   33
   50
   50
   50
   50
   50
   50
 1691
 1691
 1691
   50
 1699
 1699
 1699
 1699
 1699
 1707
 1707
 1707
 1707
   78
   78
   78
   78
   78
   78
   78
 1087
 1087
 1087
 1087
 1087
 1032
 1033
 1033
 1147
 1147
 1646
 1646
 1646
 1646
 1646
 1646
 1646
 1646
 1659
 1659
 1659
 1659
   33
 1669
   33
   33
   33
   50
   50
   50
   50
   50
 1691
 1691
 1691
 1691
 1691
 1691
 1699
 1699
 1699
 1699
 1699
 1707
 1707
 1707
 1707
 1707
   78
   78
   78
   78
   78
 1718
 1718
 1087
 1087
 1087
 1087
 1087
 1087
 1088
 1147
 1147
 1147
 1147
 1646
 1646
 1646
 1646
 1646
 1646
 1646
 1646
 1659
 1659
 1659
 1659
 1669
 1669
 1669
 1669
 1669
   33
   33
   33
   50
   50
   50
   50
   50
 1691
 1691
 1691
 1691
 1691
 1691
 1699
 1699
 1699
 1699
 1699
 1707
 1707
 1707
 1707
 1707
 1707
 1707
 1707
 1718
 1718
 1718
 1718
 1087
 1087
 1087
 1087
 1087
 1146
 1147
 1147
 1147
 1147
 1646
 1646
 1646
 1646
 1646
 1646
 1646
 1646
 1646
 1659
 1659
 1659
 1659
 1669
 1669
 1669
 1669
 1669
 1680
 1680
 1680
 1680
 1680
 1680
 1691
 1691
 1691
 1691
 1691
 1691
 1699
 1699
 1699
 1699
 1699
 1707
 1707
 1707
 1707
 1707
 1707
 1707
 1707
 1718
 1718
 1718
 1718
 1725
 1725
 1313
 1313
 1313
 1204
 1204
 1205
 1147
 1147
 1147
 1147
 1147
 1646
 1646
 1646
 1646
 1646
 1646
 1646
 1659
 1659
 1659
 1659
 1659
 1659
 1669
 1669
 1669
 1669
 1669
 1680
 1680
 1680
 1680
 1691
 1691
 1691
 1691
 1691
 1699
 1699
 1699
 1699
 1707
 1707
 1707
 1707
 1707
 1707
 1718
 1718
 1718
 1725
 1313
 1313
 1313
 1313
 1257
 1257
 1258
 1258
 1147
 1147
 1646
 1646
 1646
 1646
 1646
 1646
 1646
 1646
 1659
 1659
 1659
 1669
 1669
 1669
 1669
 1669
 1669
 1669
 1669
 1680
 1680
 1680
 1680
 1680
 1680
 1680
 1680
 1691
 1691
 1691
 1699
 1699
 1699
 1699
 1707
 1707
 1707
 1707
 1707
 1707
 1707
 1718
 1718
 1718
 1718
 1725
 1725
 1313
 1313
 1313
 1313
 1313
 1314
 1314
 1367
 1367
 1646
 1646
 1646
 1646
 1646
 1646
 1646
 1646
 1646
 1659
 1659
 1659
 1659
 1669
 1669
 1669
 1669
 1669
 1675
 1675
 1680
 1680
 1680
 1680
 1680
 1680
 1691
 1691
 1691
 1699
 1699
 1699
 1707
 1707
 1707
 1707
 1707
 1718
 1718
 1718
 1718
 1718
 1718
 1725
 1725
 1313
 1313
 1366
 1366
 1367
 1367
 1367
 1367
 1646
 1646
 1646
 1646
 1646
 1646
 1646
 1646
 1659
 1659
 1659
 1659
 1663
 1663
 1669
 1669
 1669
 1669
 1675
 1675
 1675
 1680
 1680
 1680
 1680
 1680
 1686
 1691
 1691
 1691
 1691
 1699
 1699
 1699
 1703
 1703
 1707
 1707
 1707
 1707
 1707
 1707
 1718
 1718
 1718
 1718
 1718
 1725
 1725
 1366
 1366
 1366
 1424
 1424
 1425
 1367
 1367
 1367
 1646
 1646
 1646
 1646
 1646
 1651
 1653
 1659
 1659
 1659
 1659
 1663
 1663
 1663
 1663
 1665
 1669
 1669
 1669
 1675
 1675
 1680
 1680
 1680
 1683
 1686
 1688
 1691
 1691
 1694
 1699
 1699
 1699
 1699
 1703
 1703
 1703
 1707
 1707
 1707
 1707
 1707
 1713
 1718
 1718
 1718
 1718
 1722
 1725
 1725
 1725
 1725
 1366
 1366
 1484
 1484
 1485
 1485
 1485
 1641
 1644
 1646
 1646
 1646
 1651
 1653
 1659
 1659
 1659
 1663
 1665
 1669
 1669
 1669
 1669
 1675
 1675
 1680
 1680
 1683
 1686
 1686
 1691
 1691
 1694
 1694
 1699
 1699
 1700
 1703
 1703
 1707
 1707
 1707
 1713
 1716
 1718
 1718
 1722
 1725
 1725
 1728
 1731
 1533
 1533
 1534
 1534
 1640
 1641
 1641
 1644
 1646
 1650
 1659
 1660
 1661
 1663
 1665
 1667
 1669
 1671
 1671
 1675
 1677
 1679
 1679
 1680
 1683
 1686
 1686
 1691
 1694
 1696
 1699
 1699
 1700
 1703
 1703
 1707
 1707
 1710
 1711
 1713
 1716
 1716
 1720
 1722
 1725
 1728
 1730
 1731
 1731
 1581
 1582
 1638
 1640
 1642
 1644
 1646
 1647
 1649
 1651
 1653
 1654
 1655
 1656
 1659
 1660
 1663
 1664
 1668
 1669
 1669
 1672
 1675
 1676
 1678
 1680
 1683
 1684
 1686
 1690
 1691
 1694
 1696
 1697
 1699
 1700
 1702
 1704
 1707
 1708
 1710
 1713
 1714
 1716
 1718
 1719
 1720
 1722
 1724
 1725
 1727
 1728
 1731
 1734
 1635
 1636
 1637
 1638
 1639
 1640
 1641
 1642
 1643
 1644
 1645
 1646
 1647
 1648
 1649
 1650
 1651
 1652
 1653
 1654
 1655
 1656
 1657
 1658
 1659
 1660
 1661
 1662
 1663
 1664
 1665
 1666
 1667
 1668
 1669
 1670
 1671
 1672
 1673
 1674
 1675
 1676
 1677
 1678
 1679
 1680
 1681
 1682
 1683
 1684
 1685
 1686
 1687
 1688
 1689
 1690
 1691
 1692
 1693
 1694
 1695
 1696
 1697
 1698
 1699
 1700
 1701
 1702
 1703
 1704
 1705
 1706
 1707
 1708
 1709
 1710
 1711
 1712
 1713
 1714
 1715
 1716
 1717
 1718
 1719
 1720
 1721
 1722
 1723
 1724
 1725
 1726
 1727
 1728
 1729
 1730
 1731
 1732
 1733
 1734
 1735
    6
   10
   12
   14
   22
   23
   26
   35
   37
   39
   41
   56
   67
   68
   69
   74
   75
   82
   83
   88
  152
   11
   14
   19
   25
   27
   30
   42
   45
   50
   50
   54
   64
   65
   69
   71
   85
   87
   87
   94
  206
    5
   11
   17
   17
   17
   21
   27
   27
   27
   33
   33
   50
   50
   54
   54
   57
   61
   61
   65
   65
   73
   73
   78
   78
   89
  262
   17
   17
   17
   33
   33
   33
   42
   42
   57
   61
   65
   73
   73
   78
   78
   78
   87
   94
   94
  261
  317
   11
   17
   17
   27
   27
   33
   50
   57
   57
   57
   57
   61
   61
   73
   73
   73
   78
   78
   78
   78
   94
   94
  374
  375
   11
   11
   17
   17
   17
   27
   27
   27
   33
   33
   33
   50
   50
   50
   50
   57
   61
   65
   73
   73
   78
   78
   94
  375
  375
   17
   27
   33
   33
   33
   50
   50
   50
   50
   50
   57
   57
   61
   65
   73
   73
   73
   78
   78
   78
   78
  537
  537
  482
  375
   17
   27
   27
   33
   33
   33
   33
   50
   50
   57
   73
   78
   78
   78
  813
  537
  647
   17
   17
   17
   17
   27
   27
   33
   33
   50
   50
   50
   50
   50
   50
   50
   61
   61
   73
   73
   73
   73
   78
   78
   78
   78
   78
  592
  647
   17
   17
   27
   27
   27
   33
   33
   33
   33
   50
   50
   50
   50
   61
   61
   61
   73
   73
   73
   78
   78
   78
   78
   78
  813
  813
  813
  813
  813
  647
   17
   17
 1646
   27
   33
   50
   50
   50
   50
   61
   61
   73
   73
   78
   78
   78
   78
  813
  647
   17
   17
   17
   17
   17
 1646
 1646
 1646
   33
   33
   33
   50
   50
   50
   50
   50
   61
   73
   73
   78
   78
   78
   78
  813
  813
  813
  759
  814
   17
 1646
   27
   33
   33
   33
   33
   50
   50
   61
   61
   73
   73
   73
   73
   73
   78
  813
  814
   17
   17
   17
   17
 1646
   33
   33
   33
   33
   50
   50
   50
   50
   50
   50
   50
   50
   50
   50
   50
   50
   61
   73
   73
 1707
   73
  813
  813
  862
   17
 1646
 1646
 1646
 1646
   33
   33
   33
   33
   33
   50
   50
   50
   50
 1699
   73
   73
   73
 1707
   78
   78
   78
   78
   78
  813
 1087
  813
 1087
  921
 1147
 1646
 1646
 1646
 1646
   33
   33
   33
   33
   33
   33
   50
   50
 1691
   50
   50
   50
   73
 1707
 1707
 1707
   78
 1087
 1087
 1147
  863
 1147
 1646
 1646
 1646
 1646
 1646
 1659
   33
 1669
   33
   33
   50
   50
   50
 1691
 1707
 1707
 1707
 1707
   78
   78
   78
 1087
 1087
 1032
 1147
 1147
 1646
 1646
 1646
   33
 1669
 1669
   33
   50
 1691
 1691
 1699
 1699
 1707
   78
   78
 1147
 1646
 1646
 1659
 1669
 1669
 1669
 1669
   33
   50
 1691
 1691
 1691
 1699
 1699
 1699
 1707
 1707
 1707
 1718
 1718
 1718
 1718
 1087
 1147
 1646
 1646
 1646
 1659
 1669
 1669
 1669
 1669
 1669
   33
 1680
 1680
   50
 1691
 1699
 1699
 1707
 1707
 1707
 1718
 1718
 1313
 1147
 1147
 1646
 1646
 1646
 1646
 1659
 1659
 1659
 1659
 1669
 1680
 1691
 1691
 1691
 1699
 1699
 1699
 1707
 1707
 1707
 1725
 1313
 1257
 1258
 1147
 1646
 1646
 1646
 1659
 1659
 1669
 1680
 1691
 1691
 1691
 1691
 1699
 1699
 1699
 1699
 1707
 1707
 1707
 1707
 1718
 1718
 1718
 1718
 1725
 1725
 1313
 1313
 1367
 1147
 1646
 1646
 1646
 1659
 1659
 1669
 1675
 1675
 1680
 1680
 1680
 1691
 1691
 1699
 1699
 1703
 1707
 1707
 1718
 1718
 1313
 1366
 1367
 1646
 1646
 1646
 1646
 1659
 1659
 1663
 1663
 1669
 1669
 1680
 1691
 1699
 1699
 1703
 1707
 1725
 1366
 1485
 1367
 1659
 1663
 1665
 1669
 1669
 1675
 1680
 1680
 1688
 1699
 1699
 1699
 1707
 1718
 1722
 1725
 1366
 1366
 1533
 1659
 1663
 1680
 1680
 1686
 1691
 1694
 1694
 1699
 1703
 1703
 1716
 1718
 1725
 1725
 1725
 1731
 1731
 1638
 1641
 1644
 1651
 1651
 1653
 1653
 1663
 1667
 1669
 1671
 1675
 1675
 1676
 1680
 1683
 1694
 1699
 1703
 1711
 1718
 1718
 1722
 1725
 1731
 1581
 1639
 1641
 1648
 1657
 1666
 1680
 1685
 1698
 1701
 1705
 1711
 1714
 1715
 1717
 1720
 1733
   12
   16
   34
   45
   58
  152
   11
   17
   21
   23
   36
   40
   59
   67
   67
   69
   73
   73
   84
   87
  151
   17
   57
   69
   73
   73
   94
   11
   11
   21
   27
   27
   42
   50
   57
   94
  316
  375
   17
   33
   50
   57
   78
   94
  375
   17
   27
   27
   33
   50
   50
   50
   78
   78
  375
   17
   50
   50
   50
   50
   61
   61
   78
   78
   78
   17
   27
   33
   50
   61
  538
  647
   17
   33
   65
   78
   78
  813
  647
  647
  647
   33
   33
   61
   73
   78
   78
  647
   17
   33
   50
   50
   78
   78
  813
  704
   17
   27
   50
   50
   73
   73
  813
 1646
   33
   50
   50
   73
  813
  813
  814
   33
   50
   50
   50
   50
   50
   73
   78
  813
 1087
  863
 1147
   33
   33
   50
   50
   50
   50
   73
 1707
   78
   78
   78
   78
  813
 1087
  922
 1646
 1646
   33
   33
   78
   78
   78
 1087
  863
 1646
 1646
 1659
 1691
 1691
 1707
   78
 1033
 1646
   33
   33
   50
   50
 1699
 1707
 1087
 1087
 1646
 1659
 1669
 1669
   50
   50
 1691
 1699
 1147
 1646
 1646
 1659
 1669
 1680
 1680
 1691
 1691
 1707
 1707
 1718
 1205
 1147
 1646
 1646
 1669
 1680
 1691
 1718
 1147
 1646
 1659
 1669
 1669
 1669
 1718
 1313
 1646
 1680
 1691
 1691
 1707
 1675
 1680
 1686
 1707
 1707
 1718
 1425
 1646
 1646
 1646
 1663
 1669
 1691
 1707
 1718
 1725
 1485
 1367
 1665
 1675
 1683
 1694
 1707
 1722
 1728
 1533
 1641
 1644
 1650
 1655
 1661
 1665
 1675
 1677
 1680
 1679
 1683
 1686
 1691
 1696
 1707
 1725
 1725
 1725
 1730
 1731
 1658
 1664
 1677
 1684
 1687
 1689
 1710
 1722
 1730
   19
   30
   33
   42
   51
   54
   71
   90
   94
   94
   57
   50
   50
   65
  427
  375
   17
   78
   50
   17
   50
   61
  705
  814
   33
   33
 1087
   33
   78
   78
 1646
 1646
 1680
 1707
 1659
 1639
 1651
 1661
 1665
 1667
 1671
 1680
 1683
 1691
 1699
 1711
 1718
   14
   40
   42
   57
   17
   19
   25
   33
   33
   37
   50
   59
   67
   73
   82
   90
  152
    8
   42
   65
  538
   17
  538
   33
   78
   78
   61
   33
  705
 1646
   50
   33
   50
 1707
  813
   50
  863
 1087
 1087
   33
   78
   78
 1033
 1646
 1646
   50
 1147
 1680
 1147
 1646
 1669
 1718
 1258
 1367
 1646
 1691
 1534
 1641
 1657
 1673
 1691
 1699
 1707
 1710
 1718
 1731
 1720
   17
   64
   84
   50
  813
   50
   11
   37
   38
   42
   54
   71
   84
  205
   17
   78
   61
   61
  593
   17
   27
  813
  813
 1087
  979
 1646
   50
 1087
 1669
 1669
 1680
 1646
 1691
 1675
 1533
 1644
 1665
 1677
 1683
 1686
  705
 1651
 1712
    9
   42
   42
   48
   54
   57
   65
   78
  863
 1087
 1669
 1699
 1680
 1646
 1646
 1673
 1686
 1691
 1665
 1678
 1722
 1728
 1313
 1651
 1665
 1711
   17
   36
   59
  863
 1088
  427
   54
   45
   49
    5
   38
   50
  863
 1313
 1659
 1713
 1722
 1722
 1728
 1734
   50
   59
  151
 1087
   59
   48
 1087
   35
 1087
 1718
 1313
 1581
   45
 1728
 1665
    5
 1723
 1635
 1673
   73
 1680
 1700
 1688
   37
 1146
 1688
   17
 1646
 1691
 1691
 1734
 1691
 1688
 1688
  262
 1688
 1688
 1699
   17
 1699
 1707
 1669
   33
 1680
 1646
   46
  375
   50
 1659
 1646
 1646
   33
 1707
 1659
   33
 1707
   65
 1653
 1707
 1707
 1367
   50
 1367
 1659
 1367
 1675
   27
 1646
   17
   89
   17
   17
 1646
 1663
   17
 1659
   33
 1646
   89
 1663
 1716
   27
  537
 1703
   17
 1663
  813
   27
 1716
   27
 1703
   21
   50
 1147
 1663
 1646
 1703
 1691
  813
   78
   73
 1646
 1725
   61
   78
   50
   28
   73
   61
 1700
   50
   61
 1204
 1659
 1718
   89
   61
 1718
 1705
   73
 1663
 1204
  814
 1204
 1367
 1707
 1691
 1691
   97
 1707
 1725
   27
   97
 1659
 1313
 1694
   97
 1728
 1313
   30
   30
   17
   17
 1313
 1675
   33
 1646
 1718
 1147
 1675
   80
 1366
 1675
   73
   78
 1147
   17
   14
   17
 1707
 1719
   78
   61
   80
 1675
   78
   61
  646
 1659
 1694
   17
   17
 1705
   27
  206
 1663
 1659
 1674
 1669
 1659
   60
   61
 1695
   17
 1705
   61
   61
   73
 1659
   61
   27
  206
 1659
 1659
 1705
   61
   17
 1646
   61
   61
 1669
 1366
 1725
   17
   61
 1680
 1707
   27
   17
   50
 1680
   86
 1147
 1691
   17
   17
   61
 1694
 1313
   17
   86
   17
   17
   33
 1533
 1690
 1644
   94
 1707
   87
    8
   94
   73
 1646
 1683
   94
 1313
   33
 1533
   73
   50
   50
   87
   73
   33
    8
 1646
   94
  538
 1646
   33
 1641
   50
 1646
   50
 1659
   33
   61
   73
   17
  813
   81
   17
   27
   73
 1680
   73
    8
   73
 1147
   73
   61
   61
   89
   73
   50
   50
   50
   50
   50
   17
   78
   17
   50
   73
 1671
   17
   17
   78
 1725
 1646
 1366
  537
 1366
   78
   78
 1699
 1087
   17
 1646
   33
   50
   78
    3
    5
   50
   50
   61
   50
 1646
   50
   78
   78
   27
   61
   78
  647
 1640
   27
  647
   61
   78
   27
   50
   78
   87
   17
   20
   73
   17
   50
 1646
 1680
   50
 1699
 1646
   73
   17
   78
 1718
 1699
   94
 1699
 1703
 1699
   17
 1707
    6
 1707
  261
 1703
   33
 1653
 1147
 1703
 1703
   33
   33
   50
 1147
   17
 1669
   78
   73
   33
 1669
   33
 1665
 1669
   33
   78
   78
 1694
  813
 1694
 1693
 1694
   33
   78
 1683
   78
   33
 1669
 1680
   95
   78
   33
 1680
 1663
   27
   61
 1680
   33
 1707
 1725
   78
   17
 1707
 1725
   50
   33
 1707
 1725
   73
 1707
   20
   73
 1725
 1659
 1659
   78
 1659
 1659
  647
 1659
 1649
   33
   78
   27
   33
 1699
 1699
 1648
   50
 1707
 1699
 1699
   27
 1707
   33
 1313
   73
   54
   33
 1313
  646
 1699
 1725
 1646
  646
  646
   50
   33
 1644
   33
   33
 1313
   33
   23
  813
   23
   50
 1707
   94
   78
  813
 1707
   93
   33
   23
    5
   40
 1707
    5
    5
 1707
   11
   33
 1699
 1689
   78
 1313
   17
   33
   27
 1691
   73
   78
   84
   78
 1659
   33
 1087
 1646
   57
   57
   73
   56
   57
   50
   57
 1699
 1680
   33
 1688
   17
  375
 1659
   33
   27
   33
 1707
 1707
 1707
    8
   94
 1646
 1703
   27
 1707
   81
 1087
    8
 1703
   81
   50
   78
 1707
  813
   94
 1691
   50
   78
   73
 1707
   50
   78
   50
   33
   78
  374
   33
   33
   33
 1659
 1087
 1718
 1680
   50
 1686
 1663
   50
 1669
   50
 1707
 1659
 1367
 1707
 1707
 1718
   25
  813
 1707
   81
 1691
   21
 1691
   33
   50
   33
   17
   57
   21
   33
   50
   45
 1722
 1646
   73
   50
   50
   78
   17
   17
 1640
   78
   17
  538
 1691
 1640
  813
   73
   33
   73
 1653
 1659
 1653
   73
   11
   94
  374
 1646
   33
  863
   73
   11
 1646
 1646
  863
    9
   11
  814
   92
   50
   94
  863
   50
   50
   17
   50
   52
   50
 1646
 1699
  813
 1680
   17
   50
   50
 1651
   94
   17
   27
   50
 1646
   33
   11
 1646
 1731
   50
 1691
 1691
 1691
 1718
 1718
 1646
 1680
   33
 1718
 1646
 1718
 1694
 1718
 1087
 1703
   17
 1718
 1659
   69
   27
 1646
 1646
 1694
   17
 1680
   17
   78
 1675
   50
 1680
   73
   78
 1087
 1680
 1707
   33
 1087
 1713
 1680
 1713
 1718
 1713
   50
  647
   78
 1665
 1713
   78
 1646
   17
   78
 1665
 1659
   78
 1659
   73
 1659
   27
   65
 1653
   65
 1718
 1313
   50
   61
 1707
   50
  537
   27
   50
  537
   94
 1669
  537
   50
   73
 1659
   50
  813
   73
   57
   33
   78
   33
   33
 1691
 1703
 1707
   50
 1646
   27
 1646
 1646
   50
 1646
   27
 1646
   21
 1725
 1722
   78
 1653
 1087
  813
   61
 1659
 1675
   78
 1675
 1651
 1651
 1669
 1651
 1707
   61
 1663
   65
   17
   50
   17
  375
   89
   89
   33
  375
 1659
 1707
 1659
 1646
 1646
   27
 1707
 1646
   33
 1646
   78
 1707
   78
   78
 1707
 1669
 1707
   78
   87
 1680
 1646
   17
 1646
 1669
    8
 1669
    8
    8
 1699
 1699
 1699
   33
 1669
   33
 1367
   73
 1718
   57
 1669
 1691
 1646
 1646
 1725
 1691
 1707
 1691
 1691
  647
   78
 1087
 1691
   17
   27
 1646
 1669
 1669
 1718
 1646
  813
 1699
 1669
 1670
   50
  646
 1680
  813
  646
  813
   50
 1713
 1665
  646
   50
 1720
 1147
   50
 1728
   17
  813
   50
  538
   33
  813
   33
   40
  863
   17
 1718
  863
 1725
 1726
  646
 1646
 1147
   17
   27
   33
 1646
 1646
 1669
   78
 1707
   27
 1718
 1646
 1725
 1718
 1707
 1680
   17
   94
   94
 1669
 1651
   94
 1651
   65
   50
  814
   78
   50
   78
 1699
 1669
   78
   65
   50
  814
   65
   73
   50
   50
   50
   50
  374
 1366
   50
   78
    8
  375
   50
   17
 1718
  375
 1718
   78
 1683
   17
   33
   21
   17
   21
   21
   78
   33
   27
 1707
 1707
 1675
 1707
   27
 1646
   40
   17
 1646
   50
   73
   17
   17
   17
   78
 1722
   33
 1646
 1722
 1707
 1680
   33
   78
 1707
 1699
   33
   89
   87
   50
 1683
   36
   36
   50
   89
 1699
   50
 1646
  646
   33
   50
 1147
 1646
   61
   33
   50
 1659
   50
   59
 1651
 1646
 1713
 1707
 1707
   73
   78
   73
   78
   73
   73
   33
   57
   27
   33
 1718
   50
 1718
   73
   54
  813
 1718
   54
 1719
 1718
   33
  813
   50
   50
   84
   50
 1718
   50
   50
   50
   73
   94
   73
   50
 1699
   61
   50
   61
 1669
 1680
   33
 1646
   50
   27
   33
   78
   69
  375
   78
 1699
   94
  863
   33
   73
  863
 1675
   33
   50
   78
   33
   33
 1707
 1707
 1718
 1707
 1718
   73
   33
   33
   65
   33
  813
 1699
   73
 1691
 1707
  375
   73
   27
  813
 1691
   50
 1691
 1669
 1691
 1691
 1691
 1691
   50
 1669
 1691
   94
 1707
 1691
 1718
 1691
   50
 1707
 1691
   11
 1659
 1725
   50
   50
 1725
   50
   61
 1691
   89
 1725
   17
   33
   50
   73
 1699
   17
 1691
 1087
   50
 1707
 1669
  374
   57
 1646
  537
   78
   50
  813
 1691
   17
   78
 1675
  813
 1707
   21
 1646
   33
   33
   33
   33
  863
   33
 1669
   33
   69
   17
 1646
   73
  647
   27
   50
   27
 1646
   78
 1659
   27
 1691
   27
 1663
   33
   33
 1699
 1731
   78
   73
   61
   21
   61
   73
   73
   33
   50
   27
   73
 1683
   78
 1646
 1669
 1683
   78
   78
 1646
 1699
   17
   78
 1699
 1653
 1659
   61
   61
   78
   78
   65
   78
 1669
 1707
   65
   17
   78
   33
 1659
   73
   50
 1659
   50
   50
 1686
  813
   73
   65
   73
   50
 1659
 1707
   78
 1659
 1707
   50
   33
 1716
   50
 1669
 1718
 1366
 1718
 1718
 1718
 1707
   94
   61
   94
   61
   33
 1087
 1646
   78
 1691
 1691
   94
   78
   50
 1722
   94
 1669
 1087
  813
   78
   78
 1725
 1725
 1725
   50
   33
 1147
   78
   61
   61
   61
   61
   50
 1680
   61
 1716
   78
 1680
 1691
   50
   73
 1691
   50
   57
   57
   57
 1669
 1669
   17
   78
   65
   65
 1659
 1659
 1675
   78
 1675
 1691
 1675
 1646
   65
   65
 1707
 1707
   50
 1691
   50
   78
 1718
 1718
 1718
 1718
 1718
 1659
  813
 1147
   17
 1147
 1669
 1669
 1669
   50
   78
   33
   33
 1707
 1707
 1680
 1691
 1680
   17
   78
 1669
   50
   50
   33
   50
 1147
  375
 1646
 1707
   78
   50
 1691
   33
 1707
   78
   27
   73
   73
 1646
 1313
   50
 1646
   78
 1646
 1646
   33
   33
   78
   33
 1646
 1718
   33
   33
   50
 1707
 1691
 1646
   33
 1707
   78
 1707
 1707
 1707
 1707
   78
   78
 1707
 1699
 1691
 1669
 1718
 1691
   50
 1691
 1725
 1680
 1691
  813
  813
   61
  813
 1646
 1669
   65
 1646
   94
   73
 1691
 1659
 1646
   17
   17
 1646
 1707
   50
 1680
   33
 1646
   78
  813
   78
   33
 1646
   78
 1691
  813
  813
 1691
   27
 1680
 1707
   61
 1691
   50
 1707
 1707
   17
 1691
   50
 1675
 1718
   17
   50
   50
   17
 1691
   33
   27
  813
 1147
   17
 1659
 1147
 1646
 1707
 1659
 1646
 1646
 1659
 1659
   78
 1659
   73
 1707
   73
   73
 1707
   94
   73
   27
   50
   50
  375
   50
   27
   61
   33
   73
   27
 1675
 1699
   17
 1707
 1707
 1707
 1707
 1707
 1707
   65
 1691
 1699
 1691
 1147
 1699
 1699
   78
   27
   17
  647
 1147
   17
   33
   78
 1707
   78
   17
   27
   27
   27
   27
   61
   33
   50
 1691
   50
   50
  863
 1680
 1691
   78
   50
 1646
   61
   33
  814
 1707
 1147
  814
 1699
 1669
  813
  863
  813
 1691
 1646
 1718
 1087
 1718
   50
 1718
 1718
 1718
   50
 1718
   50
 1718
 1718
   50
 1680
   50
   50
 1646
   94
   94
 1646
 1659
 1699
 1646
 1699
   73
   27
   50
 1699
   73
   50
 1646
 1669
   50
   50
   73
 1646
 1659
 1646
   50
   78
 1646
 1669
   73
 1646
   50
 1646
 1646
 1087
 1646
 1646
 1646
   50
   50
 1669
   50
   78
   73
   50
   94
 1646
   33
   17
   33
 1691
 1680
   17
   50
 1680
 1691
 1680
 1680
   50
   57
   50
   78
 1725
 1659
   61
   61
 1718
   78
 1725
   61
  375
 1691
   33
   33
 1646
 1646
   50
 1680
 1699
   57
 1087
 1707
 1087
   78
 1087
 1691
 1087
  647
 1087
 1087
   33
   17
 1646
   73
   73
 1646
   73
 1707
   17
 1699
   78
   17
 1725
 1699
 1313
 1722
 1313
 1313
 1646
 1646
 1646
 1699
   50
   50
   33
   17
   50
 1691
 1699
   50
 1691
 1699
 1669
   50
 1669
 1718
 1718
 1718
 1669
 1087
 1691
 1691
 1646
   78
 1707
   65
 1646
   65
   50
   50
   27
   50
 1699
   50
   27
  813
   61
 1147
   73
   33
   57
   94
 1646
 1691
   33
 1718
   78
   33
  813
   33
  813
  813
   33
   33
 1087
 1713
   33
 1646
   33
 1713
 1646
 1646
   17
 1646
 1147
   50
 1691
 1691
   50
   89
 1707
   50
   50
 1699
 1707
   50
   50
   50
   57
   78
 1707
   61
   27
   27
   27
   27
   27
   50
   73
   50
   61
   50
 1707
   50
 1707
 1646
   61
 1699
 1699
 1646
   78
   33
   33
   73
   50
   65
   73
   73
 1691
   50
   73
 1707
   33
 1699
 1699
 1699
   17
 1699
 1691
   17
 1646
   27
   73
   73
   33
   57
   73
   33
   78
   61
   61
 1691
 1691
  814
   33
 1699
   33
   61
   61
 1707
   78
   50
   78
   50
   33
 1699
   50
 1699
 1680
   61
 1680
   17
   17
   78
   78
   73
   78
   78
   78
   78
   27
 1646
   50
   50
 1646
 1313
 1646
 1313
 1646
 1147
 1646
   50
   61
   50
 1659
 1659
 1659
 1659
  814
   27
   17
   73
 1680
   50
   50
   94
 1699
   50
 1663
  813
   73
 1707
 1680
   78
   78
 1707
 1718
   17
   17
   17
   17
   73
  813
 1680
 1680
   50
 1680
 1313
 1659
 1659
  427
   61
   73
   50
 1691
 1646
 1646
 1646
 1646
   61
   61
   73
   61
 1659
   61
   61
   61
 1707
 1699
   73
 1680
   73
   78
  375
   73
 1147
 1147
  813
  813
 1087
  813
   73
   73
   78
   78
   78
 1680
 1680
 1646
   73
   27
   27
 1686
 1699
 1699
 1699
 1699
   50
   50
   61
 1669
 1669
   73
   73
 1680
   50
 1707
   95
   73
   78
 1680
   50
   61
   61
  813
   17
   73
 1680
 1680
   50
   50
   50
  813
   61
 1087
 1087
   50
  813
   78
   78
   78
   73
   33
 1680
   78
   61
 1087
   17
 1691
 1699
 1699
 1699
   61
   61
 1699
 1699
 1680
   78
 1646
 1646
   50
   50
   50
 1718
 1659
   78
 1087
   61
   50
   50
   50
  813
   50
   50
