    1
    2
    3
    4
    5
    6
    7
    8
    9
   10
   11
   12
   13
   14
   15
   16
   17
   18
   19
   20
   21
   22
   23
   24
   25
   26
   27
   28
   29
   30
   31
   32
   33
   34
   35
   36
   37
   38
   39
   40
   41
   42
   43
   44
   45
   46
   47
   48
   49
   50
   51
   52
   53
   54
   55
   56
   57
   58
   59
   60
   61
   62
   63
   64
   65
   66
   67
   68
   69
   70
   71
   72
   73
   74
   75
   76
   77
   78
   79
   80
   81
   82
   83
   84
   85
   86
   87
   88
   89
   90
   91
   92
   93
   94
   95
   96
   97
   98
   99
  100
  101
    3
    5
    7
    8
    9
   12
   17
   18
   20
   22
   24
   25
   27
   29
   31
   33
   34
   36
   39
   40
   43
   46
   47
   50
   50
   52
   52
   55
   57
   57
   60
   62
   64
   67
   68
   70
   72
   73
   75
   77
   79
   81
   83
   85
   87
   89
   91
   92
   93
   96
   98
  153
  154
    4
    4
   11
   11
   13
   15
   17
   17
   19
   21
   21
   25
   27
   27
   30
   30
   32
   34
   36
   38
   40
   40
   40
   45
   45
   47
   50
   50
   52
   52
   55
   57
   57
   60
   62
   65
   67
   67
   69
   71
   73
   75
   77
   79
   80
   82
   84
   84
   87
   87
   91
   92
   93
   96
   98
  210
  211
  154
    4
    8
   11
   11
   17
   17
   17
   20
   23
   27
   27
   27
   30
   30
   36
   40
   40
   40
   45
   45
   46
   52
   55
   57
   57
   60
   60
   65
   67
   69
   73
   73
   77
   77
   77
   80
   84
   85
   87
   87
   87
   91
   93
   93
   95
  259
  259
  260
  260
  260
    8
   11
   11
   17
   17
   17
   17
   21
   21
   27
   27
   27
   30
   30
   30
   34
   36
   36
   36
   40
   45
   45
   45
   50
   52
   57
   57
   60
   60
   62
   67
   67
   67
   73
   73
   73
   77
   77
   80
   87
   87
   87
   91
   93
   93
  369
  369
  311
  311
  312
  370
  370
    8
    8
    8
   11
   17
   17
   17
   17
   21
   21
   27
   27
   27
   27
   30
   30
   30
   34
   36
   40
   45
   45
   45
   45
   45
   52
   52
   52
   52
   55
   60
   60
   60
   60
   67
   67
   67
   73
   73
   73
   77
   77
   80
   87
   87
   87
   87
   87
   93
   93
   93
  369
  369
  369
  369
  370
  370
  370
  370
   11
   17
   17
   17
   17
   17
   17
   21
   21
   27
   27
   30
   30
   30
   34
   36
   36
   45
   45
   45
   45
   45
   52
   55
   60
   60
   60
   67
   67
   67
   67
   73
   73
   73
   73
   77
   77
   87
   87
   87
   87
   87
   93
  526
  526
  419
  420
  370
  527
    8
   17
   17
   17
   17
   17
   17
   27
   27
   27
   27
   27
   30
   30
   36
   45
   45
   45
   45
   45
   45
   52
   52
   52
   52
   60
   60
   67
   67
   67
   67
   73
   73
   73
   77
   87
   87
   87
   87
   87
   87
  526
  526
  526
  468
  468
  469
  527
  527
  527
  527
   17
   17
   17
   17
   17
   17
   27
   27
   27
   27
   27
   27
   30
   30
   30
   30
   30
   30
   45
   45
   45
   45
   45
   45
   45
   52
   52
   52
   52
   60
   60
   67
   67
   67
   67
   73
   73
   73
   73
   87
   87
   87
   87
   87
   87
   87
   87
   87
  780
  526
  526
  526
  526
  527
  527
  527
  527
  527
   17
   17
   17
   17
   17
   27
   27
   27
   27
   27
   30
   30
   30
   30
   45
   45
   45
   45
   45
   45
   45
   45
   45
   52
   52
   52
   60
   60
   60
   67
   67
   67
   67
   67
   73
   73
   73
   73
   73
   87
   87
   87
   87
   87
   87
   87
  780
  526
  526
  582
  582
  583
  527
  527
  632
  527
   17
   17
   17
   17
   17
   17
   27
   27
   27
   27
   30
   30
   30
   45
   45
   45
   45
   45
   45
   45
   45
   52
   67
   67
   67
   67
   67
   67
   73
   73
   73
   73
   87
   87
   87
   87
   87
  780
  780
  780
  780
  526
  631
  631
  632
  632
  632
  632
  632
  781
  781
   17
   17
   17
   17
   17
   27
   27
   27
   27
   27
   30
   30
   30
   30
   45
   45
   45
   45
   45
   45
   52
   52
   52
   60
   60
   67
   67
   67
   67
   73
   73
   73
   87
   87
   87
  780
  780
  780
  780
  780
  680
  680
  681
  632
  632
  632
  781
  781
   17
   17
   17
   27
   27
   27
   27
   30
   30
   30
   45
   45
   45
   45
   45
   45
   45
   52
   52
   52
   60
   60
   67
   67
   67
   67
   67
   73
   73
   73
   73
   87
   87
   87
   87
  780
  780
  780
  780
  780
  728
  728
  729
  781
  781
  781
  781
  781
   17
   17
   17
   17
   17
   27
   27
   30
   30
   30
   45
   45
   45
   45
   45
   45
   52
   52
   60
   60
   67
   67
   67
   67
   73
   73
   73
   73
   73
   73
   87
   87
   87
   87
   87
   87
   87
   87
  780
  780
  780
  780
  780
  780
  780
  780
  781
  781
  781
  781
  781
  781
  781
   17
   17
   17
 1605
 1605
   27
   27
   30
   30
   30
   45
   45
   45
   45
   45
   45
   45
   52
 1640
 1640
   60
   67
   67
   67
   67
   73
   73
   73
   73
   73
   73
   87
   87
   87
  780
  780
  939
  780
  780
  827
  828
  885
  781
  781
  781
  781
  781
 1592
 1592
 1592
   17
   17
   17
 1605
 1605
 1605
 1605
 1605
   30
   30
 1615
 1615
 1615
   45
   45
   45
   45
   45
 1634
 1640
 1640
 1640
 1640
   67
 1643
 1643
 1643
 1643
   73
   73
   73
   73
 1655
   87
   87
   87
   87
   87
  780
  939
  939
  939
  939
  939
  939
  884
  884
  885
  885
  781
  781
 1101
 1592
 1592
 1592
 1592
 1605
 1605
 1605
 1605
 1605
 1605
 1605
 1615
 1615
 1615
 1615
 1615
   45
   45
   45
 1626
 1634
 1634
 1640
 1640
 1640
 1640
 1643
 1643
 1643
 1643
 1643
 1643
 1655
 1655
 1655
 1655
 1655
   87
   87
   87
   87
   87
  939
  939
  939
  939
  939
  939
  939
  939
  940
  940
 1101
 1101
 1101
 1101
 1592
 1592
 1592
 1592
 1592
 1592
 1605
 1605
 1605
 1605
 1605
 1615
 1615
 1615
 1615
 1615
   45
 1626
 1626
 1626
 1626
 1626
 1640
 1640
 1640
 1640
 1643
 1643
 1643
 1643
 1643
 1655
 1655
 1655
 1655
 1655
 1662
   87
 1669
 1669
  939
  939
  939
  939
  939
  991
  992
  992
 1101
 1101
 1101
 1592
 1592
 1592
 1592
 1592
 1592
 1592
 1605
 1605
 1605
 1605
 1605
 1605
 1615
 1615
 1615
 1615
 1615
 1626
 1626
 1626
 1626
 1634
 1634
 1634
 1640
 1640
 1640
 1640
 1643
 1643
 1643
 1643
 1655
 1655
 1655
 1655
 1655
 1662
 1662
 1669
 1669
 1669
  939
  939
  939
 1100
  939
  939
 1046
 1047
 1101
 1101
 1101
 1101
 1101
 1592
 1592
 1592
 1592
 1592
 1592
 1605
 1605
 1605
 1605
 1605
 1615
 1615
 1615
 1615
 1615
 1626
 1626
 1626
 1626
 1634
 1634
 1640
 1640
 1640
 1640
 1640
 1643
 1643
 1643
 1643
 1655
 1655
 1655
 1655
 1655
 1655
 1662
 1662
 1669
 1669
 1669
 1669
  939
 1100
 1100
 1100
 1100
 1101
 1101
 1101
 1592
 1592
 1592
 1592
 1592
 1592
 1592
 1592
 1605
 1605
 1605
 1605
 1605
 1605
 1615
 1615
 1615
 1615
 1615
 1621
 1626
 1626
 1626
 1626
 1634
 1634
 1640
 1640
 1640
 1643
 1643
 1643
 1643
 1655
 1655
 1655
 1655
 1655
 1655
 1662
 1669
 1669
 1669
 1669
 1100
 1100
 1100
 1100
 1153
 1153
 1154
 1101
 1101
 1101
 1101
 1101
 1592
 1592
 1592
 1592
 1592
 1605
 1605
 1605
 1605
 1605
 1605
 1605
 1615
 1615
 1615
 1615
 1615
 1621
 1626
 1626
 1626
 1626
 1626
 1626
 1634
 1640
 1640
 1640
 1643
 1643
 1643
 1643
 1643
 1643
 1655
 1655
 1655
 1655
 1655
 1662
 1669
 1669
 1669
 1669
 1100
 1100
 1100
 1208
 1208
 1209
 1209
 1101
 1101
 1592
 1592
 1592
 1592
 1592
 1592
 1592
 1605
 1605
 1605
 1605
 1605
 1609
 1615
 1615
 1615
 1615
 1615
 1621
 1621
 1626
 1626
 1626
 1626
 1626
 1626
 1634
 1640
 1640
 1640
 1643
 1643
 1643
 1655
 1655
 1655
 1655
 1655
 1662
 1662
 1669
 1669
 1669
 1100
 1100
 1260
 1260
 1260
 1261
 1261
 1261
 1261
 1261
 1592
 1592
 1592
 1592
 1592
 1599
 1599
 1605
 1605
 1605
 1609
 1615
 1615
 1615
 1615
 1621
 1626
 1626
 1626
 1626
 1634
 1634
 1634
 1640
 1640
 1640
 1643
 1643
 1643
 1649
 1655
 1655
 1655
 1655
 1655
 1655
 1662
 1669
 1669
 1669
 1669
 1669
 1672
 1672
 1425
 1260
 1313
 1313
 1314
 1314
 1261
 1261
 1589
 1589
 1592
 1592
 1592
 1599
 1599
 1605
 1605
 1605
 1605
 1605
 1609
 1609
 1615
 1615
 1621
 1621
 1621
 1626
 1626
 1626
 1626
 1626
 1634
 1640
 1640
 1640
 1643
 1643
 1643
 1649
 1649
 1655
 1655
 1655
 1655
 1655
 1662
 1662
 1662
 1662
 1669
 1669
 1669
 1669
 1672
 1672
 1425
 1425
 1425
 1370
 1370
 1371
 1261
 1589
 1592
 1592
 1592
 1596
 1599
 1599
 1602
 1605
 1605
 1605
 1609
 1609
 1609
 1611
 1615
 1615
 1615
 1621
 1621
 1626
 1626
 1626
 1629
 1632
 1634
 1640
 1640
 1643
 1643
 1643
 1643
 1643
 1649
 1649
 1651
 1655
 1655
 1655
 1655
 1662
 1662
 1662
 1666
 1669
 1669
 1669
 1672
 1672
 1676
 1425
 1425
 1425
 1426
 1426
 1586
 1586
 1589
 1592
 1592
 1592
 1596
 1599
 1599
 1602
 1605
 1605
 1605
 1609
 1609
 1611
 1615
 1615
 1615
 1621
 1621
 1626
 1626
 1626
 1629
 1632
 1634
 1634
 1640
 1640
 1643
 1643
 1646
 1649
 1649
 1651
 1655
 1655
 1659
 1659
 1662
 1666
 1669
 1669
 1669
 1672
 1672
 1676
 1477
 1477
 1478
 1478
 1586
 1586
 1587
 1589
 1592
 1594
 1596
 1599
 1607
 1607
 1609
 1609
 1611
 1613
 1615
 1617
 1618
 1621
 1623
 1624
 1626
 1626
 1629
 1631
 1637
 1637
 1640
 1643
 1643
 1646
 1647
 1649
 1649
 1653
 1655
 1655
 1657
 1659
 1662
 1662
 1664
 1669
 1672
 1674
 1676
 1677
 1678
 1528
 1528
 1529
 1584
 1586
 1588
 1590
 1592
 1593
 1595
 1597
 1599
 1600
 1601
 1602
 1605
 1606
 1608
 1611
 1614
 1615
 1618
 1620
 1621
 1624
 1628
 1630
 1631
 1635
 1636
 1638
 1640
 1642
 1643
 1643
 1646
 1648
 1650
 1652
 1654
 1656
 1659
 1660
 1662
 1662
 1665
 1666
 1669
 1670
 1671
 1673
 1675
 1677
 1679
 1581
 1582
 1583
 1584
 1585
 1586
 1587
 1588
 1589
 1590
 1591
 1592
 1593
 1594
 1595
 1596
 1597
 1598
 1599
 1600
 1601
 1602
 1603
 1604
 1605
 1606
 1607
 1608
 1609
 1610
 1611
 1612
 1613
 1614
 1615
 1616
 1617
 1618
 1619
 1620
 1621
 1622
 1623
 1624
 1625
 1626
 1627
 1628
 1629
 1630
 1631
 1632
 1633
 1634
 1635
 1636
 1637
 1638
 1639
 1640
 1641
 1642
 1643
 1644
 1645
 1646
 1647
 1648
 1649
 1650
 1651
 1652
 1653
 1654
 1655
 1656
 1657
 1658
 1659
 1660
 1661
 1662
 1663
 1664
 1665
 1666
 1667
 1668
 1669
 1670
 1671
 1672
 1673
 1674
 1675
 1676
 1677
 1678
 1679
 1680
 1681
    6
   10
   12
   14
   16
   22
   23
   26
   35
   37
   39
   41
   56
   67
   68
   69
   74
   75
   82
   83
   88
  154
   15
   19
   25
   30
   30
   45
   50
   50
   52
   64
   65
   67
   69
   71
   85
   87
   91
   92
   97
  211
    4
   11
   17
   17
   17
   21
   27
   27
   36
   50
   55
   55
   57
   60
   60
   62
   67
   73
   73
   80
   85
   90
  260
   11
   17
   17
   30
   34
   36
   40
   40
   45
   45
   52
   55
   60
   62
   67
   67
   67
   73
   77
   77
   80
   87
   87
   91
   93
  259
  312
   17
   17
   27
   30
   36
   45
   50
   52
   57
   57
   60
   60
   67
   73
   73
   77
   87
   87
  369
  369
    8
    8
   17
   17
   21
   27
   27
   30
   30
   36
   36
   45
   45
   45
   45
   45
   60
   67
   67
   67
   73
   73
   77
   87
   87
  527
   17
   17
   27
   30
   30
   30
   45
   45
   45
   45
   52
   52
   67
   67
   73
   73
   73
   87
   87
  526
  419
  469
  527
   17
   27
   27
   30
   45
   67
   73
   73
   73
   87
   87
   87
  526
  527
  527
   17
   17
   17
   27
   27
   30
   30
   45
   45
   45
   52
   52
   52
   67
   73
   73
   87
   87
   87
   87
   87
   87
  582
  632
   17
   17
   17
   27
   27
   27
   30
   30
   45
   45
   52
   52
   60
   60
   60
   67
   67
   73
   87
   87
   87
   87
   87
   87
  780
  780
  780
  780
  632
  632
   27
   27
   30
   45
   45
   45
   52
   52
   60
   67
   67
   73
   73
   87
   87
   87
   87
  780
  632
  781
  781
  781
   17
   17
   30
   30
   45
   45
   45
   45
   45
   67
   73
   73
   87
   87
   87
   87
  780
  780
  729
  781
   17
   17
   17
   27
   30
   30
   45
   60
   67
   67
   67
   73
   73
   73
   73
   87
  780
  781
  781
  781
   27
 1605
   30
   45
   45
   45
   45
   45
   52
   52
 1640
 1640
   67
 1643
   67
   67
   73
   73
   73
 1655
  780
  780
  780
  827
  781
  781
 1592
 1592
   17
   17
 1605
 1605
 1605
 1615
   45
 1634
 1634
 1640
 1643
   67
   73
   87
   87
   87
  939
  939
  939
  884
 1101
 1101
 1592
 1592
 1592
 1605
 1605
 1615
 1615
 1615
 1615
   45
   45
 1640
 1640
 1643
 1643
 1655
 1655
   73
   87
  939
  939
 1101
 1592
 1592
 1605
 1605
 1605
 1605
 1615
   45
 1626
 1626
 1640
 1655
 1655
 1655
 1655
 1662
  939
  939
  991
 1101
 1101
 1592
 1592
 1592
 1592
 1615
 1615
 1615
 1615
 1615
 1626
 1626
 1634
 1640
 1643
 1655
 1655
 1669
 1669
 1101
 1101
 1592
 1592
 1605
 1615
 1615
 1615
 1615
 1615
 1626
 1626
 1634
 1640
 1640
 1643
 1643
 1655
 1655
 1669
 1669
 1669
 1100
 1100
 1101
 1592
 1592
 1592
 1605
 1615
 1615
 1615
 1615
 1626
 1626
 1626
 1626
 1640
 1643
 1643
 1655
 1655
 1655
 1662
 1669
 1669
 1100
 1101
 1101
 1592
 1592
 1592
 1605
 1605
 1605
 1615
 1626
 1634
 1634
 1640
 1643
 1643
 1655
 1662
 1100
 1208
 1261
 1101
 1592
 1592
 1592
 1592
 1605
 1605
 1615
 1615
 1615
 1626
 1634
 1634
 1640
 1640
 1643
 1643
 1643
 1649
 1655
 1655
 1669
 1669
 1669
 1669
 1672
 1100
 1260
 1261
 1261
 1592
 1592
 1592
 1605
 1605
 1605
 1615
 1621
 1621
 1626
 1634
 1640
 1640
 1643
 1643
 1649
 1655
 1669
 1669
 1100
 1425
 1261
 1592
 1592
 1592
 1599
 1599
 1602
 1605
 1609
 1615
 1615
 1626
 1634
 1643
 1643
 1643
 1643
 1649
 1662
 1425
 1426
 1261
 1592
 1602
 1609
 1611
 1615
 1615
 1621
 1634
 1643
 1643
 1643
 1651
 1655
 1662
 1662
 1669
 1669
 1672
 1425
 1425
 1425
 1609
 1626
 1626
 1632
 1637
 1640
 1643
 1643
 1649
 1649
 1662
 1662
 1669
 1672
 1672
 1678
 1678
 1584
 1586
 1592
 1597
 1599
 1600
 1607
 1613
 1615
 1617
 1621
 1621
 1626
 1629
 1634
 1634
 1643
 1643
 1657
 1662
 1664
 1669
 1672
 1528
 1585
 1587
 1594
 1603
 1612
 1616
 1620
 1626
 1631
 1644
 1647
 1651
 1657
 1660
 1661
 1663
 1666
 1679
   12
   34
   45
   58
  154
   11
   17
   21
   23
   36
   36
   40
   55
   60
   60
   67
   67
   69
   71
   73
   84
   87
  210
   17
   17
   55
   69
   73
   73
   77
   93
    8
   11
   17
   21
   21
   30
   40
   52
   57
  311
  370
   17
   36
   40
   45
   55
   67
   80
   93
    8
   17
   21
   27
   36
   45
   45
   77
   87
  370
    8
   45
   45
   45
   60
   67
   77
   87
   87
   87
   17
   17
   27
   67
   87
  527
  527
   17
   27
   30
   67
   87
   87
  780
  583
  632
   30
   30
   67
   67
   73
   87
  632
   17
   17
   17
   27
   45
   45
   45
   87
   87
  780
  680
   17
   27
   45
   45
   73
   87
  780
   17
   52
   73
  780
  780
  781
   45
   45
   45
   67
   67
   87
  780
  780
  780
  781
 1101
 1605
 1615
   45
 1640
 1643
   73
   87
   87
  780
  939
  939
  885
 1605
 1605
 1605
 1626
   87
  939
  939
  940
 1605
 1605
 1634
 1640
 1643
 1643
 1655
 1655
  992
 1605
 1615
 1626
 1634
 1643
 1655
 1100
 1100
 1592
 1605
 1615
 1626
 1634
 1640
 1643
 1662
 1101
 1592
 1592
 1605
 1615
 1626
 1640
 1655
 1662
 1154
 1101
 1592
 1592
 1615
 1626
 1640
 1669
 1101
 1605
 1605
 1615
 1615
 1615
 1662
 1100
 1592
 1634
 1634
 1640
 1655
 1621
 1626
 1629
 1655
 1655
 1662
 1371
 1592
 1592
 1605
 1609
 1615
 1634
 1655
 1669
 1672
 1426
 1586
 1611
 1621
 1629
 1634
 1640
 1669
 1674
 1477
 1587
 1589
 1596
 1607
 1619
 1619
 1623
 1626
 1625
 1629
 1632
 1637
 1638
 1643
 1653
 1670
 1672
 1672
 1676
 1678
 1604
 1630
 1633
 1635
 1668
 1676
   19
   32
   45
   51
   53
   65
   71
   90
   93
   93
   57
   45
   52
   67
  419
  370
   17
   45
   45
   60
  681
  632
 1605
   30
  939
 1605
 1615
  939
 1592
 1592
 1626
 1659
 1585
 1597
 1607
 1611
 1613
 1617
 1627
 1629
 1637
 1645
 1657
 1664
    9
   40
   42
   57
   17
   19
   25
   32
   34
   36
   50
   60
   67
   73
   82
    8
   45
   67
   67
  369
  370
  527
   17
  527
   27
   67
   87
   87
   67
   30
  681
   17
   52
   27
   45
   73
  780
   45
  885
  939
  939
 1615
   87
 1669
  992
 1592
 1592
 1634
 1655
  939
 1101
 1626
 1154
 1592
 1669
 1208
 1209
 1640
 1371
 1589
 1659
 1478
 1587
 1603
 1619
 1637
 1645
 1653
 1664
 1676
 1605
 1666
 1679
   17
   64
   84
  780
 1626
   11
   36
   38
   42
   71
   84
  210
   17
   87
   60
   67
  583
  780
  780
  939
  939
  940
 1592
 1046
 1615
 1615
 1626
 1592
 1634
 1621
 1477
 1589
 1611
 1623
 1629
 1632
  681
 1596
 1658
    5
    9
   42
   45
   48
   55
   57
   67
   87
  885
 1643
 1260
 1626
 1589
 1592
 1605
 1619
 1632
 1637
 1624
 1669
 1675
 1260
 1632
 1597
 1611
   17
   34
   59
   45
  885
 1047
  419
   54
   45
   49
   38
   50
   80
  885
 1669
 1605
 1669
 1674
 1581
   48
  153
 1046
   48
 1632
 1611
   34
   73
 1626
 1647
 1669
 1634
   45
   45
    5
 1605
 1669
   17
 1640
 1100
 1634
 1640
 1634
  260
 1634
 1643
 1634
 1643
 1615
 1634
   34
 1100
 1605
 1626
 1592
   45
 1100
 1100
 1592
 1605
 1655
   45
 1100
   27
 1599
 1655
 1605
 1100
  781
 1261
   67
  781
   30
  780
 1592
   73
 1605
   88
   87
 1605
 1609
  632
   21
   73
 1101
 1605
 1662
  632
 1609
  370
 1609
   27
  526
 1592
   73
 1101
   27
  780
 1640
   27
   77
   67
 1646
 1610
   45
 1669
   60
   60
 1655
 1649
 1260
   73
 1655
   87
 1655
 1649
 1651
 1649
 1653
 1651
  781
 1640
   30
 1651
  781
 1640
   97
  781
 1605
   30
 1651
   17
   97
   73
 1669
   97
   30
   17
   30
   87
   87
 1672
   17
   60
 1609
 1672
 1621
 1651
   17
   87
 1674
   27
  260
 1640
 1626
   60
 1672
 1674
   17
 1592
 1615
 1672
 1626
   17
   67
  526
 1621
 1592
   73
 1425
 1621
 1605
 1609
   73
   62
   17
 1626
 1634
 1605
   17
   17
 1605
   17
 1605
 1636
   50
   60
   45
   45
 1605
 1628
   73
  154
   80
   73
  469
 1590
   27
  154
   13
   27
 1626
 1634
 1640
 1653
    8
   67
 1615
  780
   73
   80
   73
   85
 1618
 1618
 1100
 1589
   13
 1641
  728
   93
   85
   93
   93
   17
   17
   30
   45
   87
   93
   95
   87
   67
 1669
   30
   45
   95
 1425
  781
   45
   95
   52
 1370
   87
   87
 1425
 1640
   27
   52
   82
   89
   52
   87
 1646
   87
  259
  527
 1646
   45
   17
    5
   87
  527
   45
 1643
 1643
   52
  259
  780
   17
   45
 1643
  259
 1589
   87
   69
   73
   52
   52
   87
 1599
 1371
 1592
   65
   17
 1589
  781
   73
   17
   60
 1589
   67
    4
    8
   93
   27
   73
  780
  526
  781
   27
 1669
    4
    4
   27
   45
 1649
 1594
 1649
 1599
 1615
 1101
   20
   87
 1607
   17
   45
   87
 1659
   45
 1605
   90
 1669
 1605
 1615
 1655
 1587
 1605
 1615
 1586
 1655
 1626
 1643
 1649
   17
  632
   57
 1615
 1626
 1643
 1586
   80
   80
   27
   87
 1643
 1643
   77
 1586
 1586
 1615
 1607
   27
   77
   52
   30
 1607
 1605
   27
 1615
   30
 1615
 1615
 1594
   51
 1594
 1611
   17
   73
   67
   27
   30
   87
   79
   87
   87
  526
   80
  526
 1655
   17
 1643
 1655
   30
 1655
 1634
   20
  939
   62
 1605
 1605
  780
   62
   30
 1605
 1672
  780
   62
   62
   36
 1672
 1634
   36
   30
   64
 1100
   23
   30
 1100
 1100
   46
   30
 1100
   23
   95
 1592
   46
   46
   80
 1260
   46
 1100
 1425
 1634
 1634
   87
   87
 1643
 1629
   23
   50
 1643
 1643
   50
   87
   67
  780
   40
  631
 1589
   67
  780
   87
 1592
  631
 1101
   17
  631
   87
 1655
 1655
  680
 1101
  370
   27
   80
   27
   45
   87
 1634
 1634
   45
  780
  939
 1655
 1602
  939
 1655
 1602
   45
 1655
 1655
 1615
   27
   87
    5
    8
   30
   27
 1623
  260
   85
 1669
   45
 1643
   30
 1101
 1655
  780
 1669
   77
   73
 1669
 1605
   17
 1615
 1634
   17
   15
  780
 1599
 1602
   27
   73
 1605
   15
 1599
   17
   73
   15
 1626
 1592
  781
 1599
   15
  781
  939
   27
   57
 1599
   45
  781
   27
   27
   27
   27
   27
   67
   45
   71
  781
  781
 1605
   11
 1101
 1603
 1660
 1669
 1609
 1655
   27
  939
 1655
 1655
 1659
 1655
   27
  780
 1659
 1655
   87
   60
 1655
 1655
 1656
 1592
 1592
 1592
  781
   73
   17
 1592
   27
   17
 1592
   11
   87
  780
   87
   21
   21
   52
   21
   30
   30
 1100
 1626
  526
 1626
   45
  527
   93
 1261
 1678
 1605
 1599
   91
 1592
   87
   91
 1640
 1669
   17
 1662
 1662
   73
   17
 1649
 1609
 1649
 1609
   67
   67
   73
 1649
 1623
 1626
   65
 1623
   95
   87
   36
 1605
 1643
   60
   36
   30
   87
 1605
  939
   36
 1634
  992
   36
   87
 1637
 1672
 1261
   60
 1669
   91
 1672
 1655
   67
 1615
   73
 1640
 1669
 1669
 1615
 1605
 1605
 1659
 1655
 1640
 1659
   34
   34
   34
   34
   45
   87
   11
    4
   11
    4
  527
   50
    4
   50
 1621
 1637
   47
 1659
   50
  370
   45
   87
 1592
 1611
   45
   90
 1592
   45
   45
   90
 1100
 1592
   90
 1640
   45
   87
  370
 1592
 1640
   45
   77
 1659
  369
 1669
 1615
   57
   27
   17
 1602
 1597
 1602
   27
 1597
 1640
 1602
   62
 1602
   27
 1676
 1669
 1669
 1669
 1655
 1592
 1596
 1669
 1592
   40
 1586
 1592
 1669
 1596
 1592
 1592
 1592
   45
   45
 1655
 1615
 1615
 1666
 1615
 1615
 1666
  526
 1626
 1666
   67
 1666
  526
  939
 1666
 1666
   87
 1615
 1596
   27
  827
 1666
   27
  827
 1425
   73
 1669
   60
  780
   11
   60
   73
   60
 1669
 1649
 1669
 1655
 1669
 1615
 1626
  527
 1655
 1655
 1621
  885
 1655
 1621
 1425
  885
 1655
 1626
   30
 1592
   17
  370
 1371
  370
 1371
   27
  369
   27
 1669
   67
   45
  781
  526
   27
    8
 1634
 1605
   27
 1609
 1640
   87
 1640
   87
   52
   87
   60
   87
 1640
 1640
 1640
 1655
 1615
   55
   27
   55
 1655
 1592
   55
 1592
   52
   52
   52
   52
   52
  419
   87
 1666
   67
 1592
 1100
  940
 1100
   52
   45
   52
   52
   45
   45
 1634
 1662
   27
  632
  885
 1655
 1629
 1640
 1260
 1599
   34
 1101
   34
 1101
  939
   80
   80
  526
 1643
 1672
 1640
   27
 1605
 1643
   17
   57
   17
 1615
 1655
 1615
 1615
  780
  780
 1640
   33
   33
   52
  939
  939
   60
   36
 1425
   60
 1676
 1676
 1655
 1676
 1676
 1676
 1676
    8
 1655
    8
    8
  370
   30
    8
 1586
    8
   80
    5
 1592
    5
   80
   80
   36
   45
   87
   36
   45
    8
 1662
   45
   67
   69
  939
  780
 1672
 1589
   57
   80
  781
   52
   87
   21
   69
    8
   67
    8
    8
    8
    8
   27
 1626
 1655
   27
 1592
 1626
 1626
  526
 1655
 1605
   87
   87
 1605
 1605
 1643
   62
   27
   45
   27
   55
   27
  781
   93
   93
   93
 1609
 1634
   30
 1666
 1592
   30
 1672
 1674
   30
 1101
 1101
 1101
 1592
 1101
 1101
 1592
 1592
 1101
   30
   67
   73
   80
   87
   73
   73
   60
 1101
 1592
 1605
   30
   87
  780
 1643
 1669
  780
  526
    8
   17
 1592
   21
   45
 1101
    8
   30
   27
 1632
   30
   40
   40
  526
   45
 1621
 1621
   45
   45
 1621
  780
 1643
   67
 1643
 1655
 1649
   45
 1592
 1609
   73
   45
   30
 1101
   45
   87
  370
 1634
   45
   40
   87
 1634
 1634
 1669
 1605
 1669
 1640
 1605
  526
  370
  369
  780
   60
 1629
   87
 1605
   87
 1605
 1101
 1640
   95
   96
 1640
   67
   67
   17
 1621
   40
 1101
 1592
 1621
 1101
 1634
 1662
   27
   27
 1589
 1605
 1643
 1626
 1626
   87
   17
    8
 1643
 1634
 1655
 1626
   67
  526
   45
   67
   30
 1626
   30
   30
  632
 1626
 1643
 1626
 1626
 1634
   17
   30
   17
   87
   17
   30
   30
 1605
    8
   40
 1655
   17
 1599
 1599
   52
   52
 1669
   52
 1655
   45
   21
  781
   45
 1655
   17
   45
 1655
 1655
 1640
 1640
   73
  781
 1615
  781
 1615
   67
 1592
 1615
   77
 1662
 1640
 1643
 1101
 1425
 1261
 1261
 1592
 1261
   45
   27
 1643
 1643
   17
   45
 1649
 1649
 1100
 1649
   27
   45
   73
 1615
 1634
   27
 1649
  939
   67
 1655
 1655
 1643
 1599
   30
 1615
   30
   45
 1615
 1615
   45
 1609
 1101
 1609
   27
   87
 1596
   87
 1596
   73
   73
 1615
   73
   73
 1592
   87
  527
   87
 1640
  527
  632
  527
 1640
  780
 1615
 1655
 1592
   27
 1592
    8
   17
  781
 1669
 1655
   73
   67
 1655
   21
   21
   21
 1615
   45
   45
 1615
   73
    8
   77
 1655
   30
 1599
 1643
   11
   52
 1100
   67
   67
    8
 1100
   30
   45
   45
   45
   77
 1615
 1640
   87
   45
 1592
   67
 1669
  527
 1592
  527
   55
   73
   30
 1592
 1592
 1626
   45
 1621
 1605
 1669
 1605
 1605
 1605
   73
   73
   73
 1592
   45
 1592
 1634
   45
 1626
   27
 1615
 1629
  780
   30
  780
   45
   77
 1626
 1626
 1626
 1626
 1626
 1626
 1626
 1615
 1615
 1669
   87
 1643
 1634
 1634
   93
   93
   73
   73
  632
   45
 1100
  780
 1634
   87
   87
 1672
 1643
   87
 1669
 1672
 1672
 1672
   45
 1672
 1672
   60
   45
   45
 1592
 1672
   45
 1599
 1599
   17
   45
   52
    8
   45
   87
   17
 1609
   67
   67
   30
   93
 1621
   93
   93
 1261
   30
 1100
  780
 1655
   45
   73
   87
   87
   87
   87
 1609
 1605
 1655
 1643
   73
 1655
   87
   57
 1100
   67
 1100
  781
   67
 1100
   67
   45
   45
   45
   17
 1655
   45
 1655
 1634
 1649
   67
   30
   45
 1669
   45
 1669
 1669
   60
   60
   87
   87
   60
   60
   60
   30
   67
 1643
 1605
 1605
  781
  781
 1605
 1626
  885
  527
  780
   67
   67
 1609
 1669
  780
   45
   17
 1672
 1651
 1649
 1649
   73
  780
 1669
   27
 1669
 1605
   57
 1640
  781
   87
 1609
  527
   45
   45
 1643
 1100
   60
  526
   87
   67
 1609
   45
   27
   17
   27
   27
   17
   17
   17
   30
   87
   67
 1643
 1669
  632
   27
  632
   87
 1626
   87
   87
 1640
   93
   17
   21
   52
   52
   52
 1655
 1640
   45
 1634
   17
   45
   87
   45
   45
   60
 1669
 1605
 1669
 1640
   87
 1615
 1605
  939
   87
   30
 1605
 1615
 1615
 1615
   87
   73
   52
   67
   52
 1621
 1605
 1621
   73
 1643
 1669
   73
  780
 1621
   52
   52
 1655
 1655
 1592
 1655
 1101
 1101
 1655
 1662
   60
  780
 1100
  780
  780
  780
  780
 1626
 1655
 1640
   73
   45
   17
   17
   17
   17
 1605
   45
 1626
 1626
 1662
   67
   60
   45
 1662
 1669
 1100
 1634
 1662
 1101
   45
 1655
 1592
   60
   60
   45
   45
   67
 1643
   87
   45
   17
  939
 1592
  939
  939
  780
 1615
  939
  781
 1100
  939
  781
   87
   67
   87
   17
 1621
 1621
 1621
 1626
 1626
   77
 1634
 1599
   87
   87
 1643
   73
   52
   73
 1605
 1605
   30
   60
   87
   60
 1643
   87
 1662
 1662
 1662
 1640
 1626
 1640
 1634
   45
 1100
 1626
 1643
   17
 1640
 1655
   73
   87
  781
   73
   73
   73
  781
   73
 1101
   57
   60
   73
 1592
   17
  939
 1101
 1655
   17
 1655
   17
 1615
   30
   30
 1662
   67
   73
   67
 1615
   73
 1615
 1634
 1662
 1662
  527
 1605
 1605
   27
   45
   17
   45
   73
   45
   73
 1655
 1626
   73
 1605
   45
   73
 1655
 1605
   55
   87
   60
 1634
 1100
 1260
 1605
   52
 1655
 1655
   17
   17
   27
   17
 1669
   17
   27
   17
 1655
 1655
  632
   45
   60
   60
   45
 1655
   52
 1615
   73
 1592
 1605
   87
 1605
 1605
   17
 1643
   73
   17
   87
   45
 1669
   45
 1615
 1669
 1669
   27
 1592
 1599
 1640
   27
   67
   45
   87
 1592
   52
   67
   87
   67
   27
 1615
 1634
   45
   27
   73
   27
   27
 1669
   27
   87
 1626
 1672
 1626
   27
   52
  780
   67
   30
 1626
 1626
 1626
 1655
   45
  780
  781
  780
 1605
 1615
   73
 1615
  939
   73
  939
   87
   73
  939
 1615
   73
   30
   73
   73
  780
   17
  781
   17
 1592
 1592
 1592
   27
   87
 1615
  939
   87
 1605
   17
   87
 1605
 1605
   17
 1669
   17
 1640
 1669
 1655
 1655
   45
   67
  939
  939
 1643
 1626
   17
 1643
 1643
   87
 1640
 1643
   87
 1640
 1621
 1643
  527
  527
  527
 1605
 1592
  527
 1605
 1626
 1626
 1605
 1626
   30
   30
 1643
 1615
   73
   73
 1643
 1615
 1615
   87
 1626
 1643
   73
   73
   73
   73
   87
 1592
 1655
 1662
 1655
 1643
 1615
   87
   30
   87
 1640
  781
 1643
 1605
 1655
 1655
 1655
 1655
   30
   30
   30
 1605
 1655
 1605
   30
   40
   52
 1615
 1592
 1605
   17
 1640
 1640
 1615
   93
   45
   93
 1655
   93
   52
 1655
 1655
   30
   45
 1615
 1626
   87
 1592
   52
 1626
   52
 1669
 1605
 1634
 1626
 1626
 1640
   17
   73
 1592
   17
 1643
 1626
  369
   27
 1655
 1643
   67
 1643
 1643
   67
 1643
 1643
   30
   52
 1615
   27
   17
   27
   27
 1669
   27
  939
   67
   17
 1662
   67
   17
 1669
   17
   60
 1643
   60
   60
   52
   60
   60
   87
 1605
 1640
 1655
   73
 1643
 1643
 1261
 1261
 1655
  939
   45
  781
   45
 1655
   45
   27
   45
   87
   17
 1634
   87
   67
 1615
 1615
 1626
 1634
   60
 1643
 1634
 1626
   87
   87
   73
   45
 1592
 1100
 1643
   73
 1626
   73
 1626
   45
 1592
   45
 1634
   17
   87
   60
   87
   67
 1643
   67
 1605
   52
 1655
   45
 1640
 1643
   17
 1640
 1643
 1640
 1643
 1655
 1615
   73
 1605
 1626
   67
   73
   52
   45
 1592
 1592
   45
  939
   73
 1655
 1592
 1626
 1669
 1592
 1615
 1669
 1669
   87
   87
  781
 1643
   52
   67
 1640
 1640
 1640
   67
   77
   17
 1592
   45
 1615
   45
 1615
   27
 1626
   87
   73
   87
 1626
 1615
 1655
 1655
   52
 1662
 1662
 1643
   60
   87
   87
   87
 1605
   60
   17
   52
   52
 1640
   17
 1605
  939
 1615
   67
 1662
   67
   67
   67
 1592
   67
   67
   17
   52
   30
   30
   30
   30
   27
   30
 1592
   45
 1605
 1626
 1634
 1592
  781
   52
   45
 1626
 1615
 1615
 1669
 1669
 1669
 1669
 1669
   27
 1640
   87
   87
   52
 1643
 1643
 1615
   73
   27
  780
   27
   27
   52
   30
   17
   45
   45
   45
   73
   73
   87
 1662
 1643
   45
   52
   52
 1634
 1634
 1634
 1615
   52
 1669
   17
   67
   67
   67
   60
 1634
   30
 1640
   60
   73
 1643
   67
   67
   67
   67
 1640
 1640
   67
 1640
 1592
   45
   87
 1640
   45
   87
   45
 1615
 1615
   87
   60
   60
 1643
 1643
 1592
   60
 1634
 1634
   45
   45
 1643
 1634
 1626
   52
   87
   87
 1643
 1643
 1615
 1592
 1640
 1643
   60
   60
   30
   30
   30
  369
   52
 1662
 1640
 1640
 1640
 1634
   60
 1640
 1640
  781
  781
 1669
  527
   60
   60
 1643
 1592
 1662
   73
 1655
 1640
 1592
 1655
   73
   73
   67
 1655
   45
 1662
 1669
   60
   17
   52
 1605
 1605
 1605
  939
  939
  781
 1640
 1640
   52
   17
 1640
 1592
   52
 1592
 1592
   17
 1640
 1640
   52
   52
   30
   45
  780
  781
   52
 1634
 1634
   45
   60
 1615
 1634
   45
 1626
   17
 1626
   30
 1640
   52
 1605
 1626
 1626
   60
   45
   45
   52
   60
   60
