    1
    2
    3
    4
    5
    6
    7
    8
    9
   10
   11
   12
   13
   14
   15
   16
   17
   18
   19
   20
   21
   22
   23
   24
   25
   26
   27
   28
   29
   30
   31
   32
   33
   34
   35
   36
   37
   38
   39
   40
   41
   42
   43
   44
   45
   46
   47
   48
   49
   50
   51
   52
   53
   54
   55
   56
   57
   58
   59
   60
   61
   62
   63
   64
   65
   66
   67
   68
   69
   70
   71
   72
   73
   74
   75
   76
   77
   78
   79
   80
   81
   82
   83
   84
   85
   86
   87
   88
   89
   90
   91
   92
   93
   94
   95
   96
   97
   98
   99
  100
  101
    3
    5
    7
    8
    9
   12
   15
   18
   20
   22
   24
   25
   27
   29
   31
   33
   34
   36
   39
   42
   43
   46
   47
   50
   50
   52
   52
   55
   57
   59
   61
   62
   65
   66
   68
   70
   72
   73
   75
   77
   79
   81
   84
   85
   87
   88
   91
   93
   94
   96
   98
  153
  154
  154
    5
    6
   11
   11
   14
   14
   17
   17
   17
   20
   23
   23
   27
   28
   30
   30
   34
   34
   36
   36
   40
   40
   42
   42
   46
   47
   50
   50
   50
   52
   55
   57
   63
   65
   65
   68
   69
   71
   73
   73
   78
   78
   80
   81
   84
   85
   86
   88
   88
   91
   93
   97
   98
  209
  210
  154
    6
    8
   11
   11
   17
   17
   17
   23
   23
   27
   27
   30
   30
   34
   34
   36
   36
   40
   42
   42
   46
   50
   50
   55
   57
   57
   61
   65
   65
   69
   73
   73
   73
   73
   78
   78
   81
   85
   85
   88
   88
   88
   93
   93
   97
  258
  258
  259
  259
  259
    6
    8
   11
   11
   17
   17
   17
   20
   23
   27
   27
   30
   34
   34
   34
   36
   36
   36
   36
   42
   50
   50
   50
   50
   50
   50
   52
   57
   61
   61
   63
   65
   65
   69
   73
   73
   73
   78
   78
   85
   88
   88
   88
   88
   93
   93
  366
  366
  311
  311
  312
  367
  367
  367
    6
    6
   11
   11
   17
   17
   17
   20
   20
   23
   27
   27
   27
   30
   34
   34
   34
   36
   36
   50
   50
   50
   50
   50
   50
   50
   50
   50
   57
   61
   61
   61
   65
   65
   65
   73
   73
   73
   78
   78
   78
   88
   88
   88
   88
   88
   88
  366
  366
  366
  366
  367
  367
  367
  367
    6
   17
   17
   17
   17
   17
   20
   27
   27
   27
   27
   27
   30
   34
   34
   36
   36
   36
   36
   50
   50
   50
   50
   50
   57
   57
   61
   61
   65
   65
   65
   73
   73
   73
   73
   78
   78
   88
   88
   88
   88
   93
  470
  470
  470
  416
  417
  367
  367
   17
   17
   17
   17
   17
   17
   17
   27
   27
   27
   27
   27
   34
   34
   36
   36
   50
   50
   50
   50
   50
   50
   50
   50
   57
   57
   57
   61
   61
   65
   65
   65
   73
   73
   73
   73
   73
   73
   88
   88
   88
   88
   88
   88
   88
  470
  470
  470
  470
  470
  470
  471
  525
  525
  367
   17
   17
   17
   17
   17
   17
   27
   27
   27
   27
   27
   27
   34
   34
   34
   36
   36
   36
   50
   50
   50
   50
   50
   50
   50
   57
   57
   61
   65
   65
   65
   65
   73
   73
   73
   73
   78
   78
   88
   88
   88
   88
   88
   88
   88
  470
  470
  470
  524
  524
  525
  525
  525
  525
  525
   17
   17
   17
   17
   17
   27
   27
   27
   27
   27
   27
   34
   34
   34
   36
   36
   36
   50
   50
   50
   50
   50
   50
   50
   50
   50
   50
   50
   57
   65
   65
   65
   65
   73
   73
   73
   73
   78
   88
   88
   88
   88
   88
   88
   88
  470
  470
  579
  579
  579
  580
  525
  637
  637
   17
   17
   17
   17
   17
   17
   17
   27
   27
   27
   27
   27
   34
   34
   36
   36
   36
   36
   50
   50
   50
   50
   50
   50
   50
   50
   50
   50
   57
   65
   65
   65
   65
   65
   65
   65
   73
   73
   73
   73
   73
   88
   88
   88
   88
   88
   88
  792
  792
  792
  636
  636
  636
  637
  637
  637
  637
  637
   17
   17
   17
   17
   27
   27
   27
   27
   34
   34
   36
   36
   36
   36
   50
   50
   50
   50
   50
   50
   50
   50
   65
   65
   65
   65
   65
   65
   65
   65
   73
   73
   73
   73
   73
   88
   88
   88
   88
  792
  792
  792
  792
  636
  686
  687
  637
  637
  637
  637
   17
   17
   17
   17
   17
   27
   27
   27
   27
   34
   36
   36
   36
   36
   50
   50
   50
   50
   50
   50
   50
   50
   50
   50
   65
   65
   65
   65
   65
   65
   65
   65
   73
   73
   73
   73
   88
   88
   88
   88
  792
  792
  792
  792
  792
  792
  738
  739
  687
  843
  843
  843
   17
   17
   17
   17
   17
   17
   27
   27
   27
   27
   34
   36
   36
   36
   36
   50
   50
   50
   50
   50
   50
   50
   50
   65
   65
   65
   65
   65
   65
   73
   73
   73
   73
   73
   88
   88
   88
   88
   88
   88
   88
   88
  792
  792
  792
  792
  792
  792
  792
  793
  843
  843
  843
  843
   17
   17
 1611
 1611
   27
   27
 1624
 1624
   36
   36
   36
   36
   36
   36
   50
   50
   50
   50
   50
   50
   50
 1659
 1659
   65
   65
   65
   65
   65
   73
   73
   73
   73
   73
   88
   88
   88
   88
   88
  792
  898
  898
  792
  792
  898
  842
  843
  843
  843
  843
  843
 1116
 1116
 1611
 1611
 1611
 1611
 1611
 1611
 1624
 1624
 1624
 1624
   36
   36
   36
   36
   36
   36
   50
   50
   50
   50
   50
   50
   50
 1659
 1659
 1659
   65
   65
   65
   65
   65
   65
   73
   73
 1674
 1674
   88
   88
   88
   88
   88
  898
  898
  898
  898
  898
  898
  898
  898
  899
  843
  843
 1116
 1116
 1611
 1611
 1611
 1611
 1611
 1624
 1624
 1624
 1624
 1634
   36
   36
   36
   36
   50
   50
   50
 1645
   50
   50
   50
 1659
 1659
 1659
 1664
 1664
 1664
 1664
 1664
 1664
 1664
 1664
 1664
 1674
 1674
 1674
 1674
 1674
   88
   88
   88
  898
  898
  898
  898
  898
  898
  898
  898
  953
  954
  954
 1116
 1116
 1116
 1611
 1611
 1611
 1611
 1611
 1611
 1624
 1624
 1624
 1634
 1634
 1634
   36
   36
   36
 1634
 1634
   50
   50
 1645
 1645
 1645
 1645
 1659
 1659
 1659
 1664
 1664
 1664
 1664
 1664
 1664
 1664
 1674
 1674
 1674
   88
 1687
  898
  898
  898
  898
 1002
 1002
 1003
 1116
 1116
 1611
 1611
 1611
 1611
 1611
 1611
 1611
 1611
 1611
 1624
 1624
 1624
 1634
 1634
 1634
 1634
 1634
 1634
 1634
 1642
 1645
 1645
 1645
 1645
 1659
 1659
 1659
 1659
 1664
 1664
 1664
 1664
 1664
 1664
 1664
 1664
 1674
 1674
 1674
 1674
 1674
 1674
 1687
 1687
 1687
  898
  898
  898
  898
  898
 1170
  898
 1059
 1059
 1060
 1116
 1116
 1116
 1116
 1116
 1611
 1611
 1611
 1611
 1611
 1611
 1624
 1624
 1624
 1624
 1634
 1634
 1634
 1634
 1634
 1634
 1642
 1642
 1645
 1645
 1645
 1645
 1659
 1659
 1659
 1659
 1659
 1664
 1664
 1664
 1664
 1664
 1664
 1664
 1674
 1674
 1674
 1674
 1674
 1674
 1687
 1687
 1687
 1687
  898
 1170
 1170
 1170
 1170
 1115
 1116
 1116
 1116
 1116
 1611
 1611
 1611
 1611
 1611
 1611
 1611
 1624
 1624
 1624
 1624
 1624
 1634
 1634
 1634
 1634
 1634
 1634
 1638
 1642
 1642
 1645
 1645
 1653
 1659
 1659
 1659
 1659
 1659
 1664
 1664
 1664
 1664
 1664
 1674
 1674
 1674
 1674
 1674
 1674
 1687
 1687
 1687
 1687
 1687
 1687
 1170
 1170
 1170
 1170
 1170
 1171
 1116
 1116
 1116
 1116
 1116
 1611
 1611
 1611
 1611
 1611
 1611
 1624
 1624
 1624
 1624
 1624
 1634
 1634
 1634
 1634
 1634
 1634
 1638
 1642
 1642
 1645
 1645
 1645
 1645
 1653
 1659
 1659
 1659
 1664
 1664
 1664
 1664
 1674
 1674
 1674
 1674
 1674
 1674
 1680
 1687
 1687
 1687
 1687
 1687
 1170
 1170
 1170
 1170
 1170
 1226
 1227
 1227
 1116
 1116
 1611
 1611
 1611
 1611
 1611
 1611
 1611
 1624
 1624
 1624
 1624
 1624
 1634
 1634
 1634
 1634
 1634
 1634
 1634
 1638
 1642
 1642
 1645
 1645
 1645
 1645
 1645
 1645
 1653
 1659
 1659
 1664
 1664
 1664
 1664
 1664
 1674
 1674
 1674
 1674
 1674
 1674
 1674
 1680
 1687
 1687
 1687
 1687
 1170
 1170
 1170
 1284
 1284
 1284
 1285
 1285
 1336
 1336
 1608
 1611
 1611
 1611
 1611
 1611
 1618
 1624
 1624
 1624
 1624
 1634
 1634
 1634
 1634
 1634
 1638
 1642
 1642
 1645
 1645
 1645
 1653
 1659
 1659
 1664
 1664
 1664
 1664
 1664
 1671
 1674
 1674
 1674
 1674
 1674
 1680
 1680
 1687
 1687
 1687
 1687
 1693
 1445
 1284
 1335
 1335
 1336
 1336
 1336
 1336
 1608
 1608
 1611
 1611
 1618
 1618
 1624
 1624
 1624
 1624
 1624
 1626
 1630
 1634
 1634
 1634
 1638
 1642
 1642
 1642
 1645
 1645
 1645
 1645
 1653
 1653
 1653
 1659
 1659
 1664
 1664
 1664
 1664
 1671
 1674
 1674
 1674
 1674
 1674
 1680
 1680
 1683
 1687
 1687
 1687
 1687
 1687
 1693
 1693
 1445
 1445
 1445
 1393
 1393
 1394
 1394
 1336
 1608
 1611
 1611
 1611
 1611
 1615
 1618
 1620
 1624
 1624
 1624
 1626
 1630
 1630
 1634
 1634
 1638
 1642
 1642
 1648
 1653
 1653
 1659
 1659
 1659
 1664
 1664
 1664
 1667
 1671
 1671
 1674
 1674
 1674
 1674
 1678
 1680
 1683
 1687
 1687
 1687
 1687
 1690
 1693
 1693
 1445
 1445
 1445
 1445
 1446
 1446
 1446
 1608
 1608
 1611
 1611
 1611
 1615
 1618
 1618
 1620
 1624
 1624
 1624
 1626
 1630
 1630
 1634
 1634
 1638
 1642
 1642
 1645
 1645
 1648
 1653
 1653
 1653
 1659
 1659
 1662
 1664
 1664
 1667
 1671
 1674
 1674
 1678
 1680
 1680
 1683
 1687
 1687
 1687
 1690
 1693
 1693
 1697
 1445
 1496
 1497
 1497
 1605
 1606
 1608
 1608
 1611
 1611
 1615
 1618
 1620
 1624
 1624
 1626
 1630
 1630
 1634
 1634
 1636
 1638
 1642
 1644
 1645
 1648
 1651
 1655
 1656
 1656
 1659
 1664
 1664
 1667
 1667
 1669
 1672
 1674
 1674
 1678
 1680
 1683
 1684
 1687
 1690
 1693
 1695
 1696
 1697
 1545
 1545
 1546
 1603
 1605
 1607
 1609
 1611
 1612
 1614
 1616
 1618
 1619
 1620
 1620
 1624
 1625
 1627
 1630
 1634
 1634
 1636
 1637
 1638
 1641
 1642
 1645
 1647
 1649
 1651
 1654
 1655
 1657
 1659
 1661
 1662
 1664
 1665
 1667
 1669
 1671
 1674
 1675
 1678
 1679
 1681
 1683
 1684
 1685
 1687
 1689
 1690
 1692
 1693
 1696
 1698
 1600
 1601
 1602
 1603
 1604
 1605
 1606
 1607
 1608
 1609
 1610
 1611
 1612
 1613
 1614
 1615
 1616
 1617
 1618
 1619
 1620
 1621
 1622
 1623
 1624
 1625
 1626
 1627
 1628
 1629
 1630
 1631
 1632
 1633
 1634
 1635
 1636
 1637
 1638
 1639
 1640
 1641
 1642
 1643
 1644
 1645
 1646
 1647
 1648
 1649
 1650
 1651
 1652
 1653
 1654
 1655
 1656
 1657
 1658
 1659
 1660
 1661
 1662
 1663
 1664
 1665
 1666
 1667
 1668
 1669
 1670
 1671
 1672
 1673
 1674
 1675
 1676
 1677
 1678
 1679
 1680
 1681
 1682
 1683
 1684
 1685
 1686
 1687
 1688
 1689
 1690
 1691
 1692
 1693
 1694
 1695
 1696
 1697
 1698
 1699
 1700
    6
   10
   12
   14
   16
   22
   23
   26
   35
   37
   39
   41
   56
   67
   68
   69
   74
   75
   82
   83
   88
    8
    9
   14
   17
   25
   30
   30
   46
   50
   50
   52
   63
   65
   65
   69
   85
   86
   91
   95
   97
  210
    5
   11
   17
   17
   20
   27
   27
   34
   36
   50
   55
   57
   61
   61
   63
   65
   65
   73
   73
   78
   85
   88
  259
   11
   17
   17
   30
   36
   36
   42
   42
   50
   50
   57
   61
   63
   65
   65
   69
   73
   78
   78
   81
   85
   88
   88
  258
  312
   27
   27
   36
   50
   50
   52
   57
   57
   61
   69
   73
   73
   78
   88
   88
   88
  366
   11
   17
   17
   20
   27
   27
   27
   30
   34
   36
   50
   50
   50
   50
   50
   61
   65
   65
   73
   73
   78
   88
   88
  367
   17
   17
   27
   34
   34
   36
   36
   50
   50
   50
   50
   50
   65
   65
   73
   78
   88
   88
   88
  470
  470
  471
  367
   17
   27
   27
   27
   34
   36
   50
   50
   50
   73
   73
   78
   78
   88
  470
  470
  525
  525
   17
   17
   27
   27
   34
   34
   50
   50
   50
   50
   50
   50
   57
   61
   65
   65
   73
   73
   88
   88
   88
   88
  579
  637
   17
   17
   27
   27
   27
   27
   34
   50
   50
   50
   65
   65
   65
   65
   65
   73
   73
   88
   88
   88
   88
   88
  792
  792
  792
  636
  637
  637
   27
   27
   27
   36
   50
   50
   50
   50
   65
   65
   65
   73
   88
   88
   88
   88
  792
  637
  843
   17
   17
   17
   17
   17
   17
   27
   36
   36
   36
   50
   50
   50
   50
   50
   50
   65
   73
   73
   88
   88
  792
  792
  792
  739
  843
   17
   17
   17
 1624
   36
   36
   50
   65
   65
   65
   73
   73
   73
   73
   88
  843
  843
   17
   17
 1611
   27
 1624
   36
   36
   50
   50
   50
   50
   50
   50
 1659
 1659
   65
   65
   65
   65
   73
   73
 1674
   88
  792
  792
  898
  842
  843
 1116
 1611
 1611
 1611
 1611
   27
 1624
 1624
   36
   36
   50
   50
 1664
   65
   65
   65
   65
 1674
   88
   88
  898
  898
  898
  898
  898
  898
 1116
 1611
 1611
 1611
 1611
 1624
 1634
   36
   36
   36
   36
   50
   50
   50
 1659
 1659
 1659
 1664
 1664
 1664
 1664
   73
   73
 1674
   88
  898
  953
 1116
 1116
 1611
 1611
 1611
 1611
 1611
 1611
 1624
   36
 1645
 1645
 1645
 1659
 1664
 1664
 1674
 1674
 1674
 1674
  898
  898
 1002
 1116
 1116
 1611
 1611
 1611
 1634
 1634
 1634
 1634
 1634
 1645
 1659
 1659
 1664
 1664
 1674
 1674
 1687
 1687
 1116
 1611
 1611
 1611
 1624
 1634
 1634
 1634
 1634
 1634
 1645
 1645
 1645
 1659
 1659
 1664
 1664
 1674
 1687
 1687
 1687
  898
 1170
 1170
 1116
 1116
 1611
 1611
 1611
 1624
 1634
 1634
 1634
 1634
 1642
 1645
 1645
 1659
 1664
 1664
 1674
 1674
 1674
 1687
 1687
 1687
 1170
 1116
 1611
 1611
 1611
 1611
 1624
 1624
 1624
 1624
 1634
 1645
 1653
 1659
 1664
 1664
 1664
 1674
 1674
 1687
 1170
 1170
 1227
 1116
 1611
 1611
 1611
 1611
 1624
 1624
 1634
 1634
 1645
 1659
 1659
 1659
 1664
 1664
 1664
 1674
 1674
 1674
 1674
 1687
 1687
 1687
 1693
 1170
 1284
 1336
 1336
 1611
 1611
 1611
 1618
 1624
 1634
 1638
 1642
 1642
 1645
 1653
 1659
 1659
 1664
 1664
 1671
 1674
 1674
 1687
 1687
 1170
 1445
 1611
 1611
 1611
 1618
 1624
 1624
 1626
 1630
 1634
 1638
 1645
 1653
 1664
 1664
 1664
 1671
 1680
 1445
 1446
 1336
 1626
 1634
 1634
 1638
 1642
 1645
 1664
 1664
 1664
 1674
 1680
 1687
 1687
 1693
 1445
 1445
 1445
 1630
 1645
 1648
 1653
 1659
 1659
 1664
 1664
 1671
 1671
 1680
 1687
 1690
 1697
 1697
 1603
 1605
 1611
 1618
 1619
 1626
 1632
 1634
 1638
 1638
 1641
 1645
 1648
 1653
 1655
 1662
 1664
 1677
 1680
 1683
 1687
 1693
 1696
 1545
 1604
 1606
 1613
 1622
 1631
 1635
 1639
 1645
 1650
 1663
 1666
 1670
 1676
 1679
 1680
 1682
 1685
 1698
   12
   15
   34
   45
   58
   11
   17
   21
   23
   36
   36
   40
   55
   59
   67
   67
   73
   73
   84
   88
  153
   17
   55
   69
   73
   73
   93
   11
   11
   17
   20
   30
   42
   50
   57
   88
  311
  367
   17
   36
   36
   50
   57
   65
   78
   93
  367
   17
   20
   27
   36
   50
   50
   50
   78
   88
  367
   17
   50
   50
   50
   50
   61
   65
   78
   88
   88
   17
   17
   27
   34
   50
   65
   88
  525
  637
   17
   34
   36
   65
   88
   88
  470
  637
   36
   36
   65
   65
   78
   88
  637
   17
   34
   50
   50
   88
   88
  792
  686
   17
   27
   50
   50
   73
   88
  792
   27
   34
   50
   50
   73
  792
  792
  793
   27
   50
   50
   50
   65
   88
  792
  792
  898
  843
 1116
 1624
   36
   50
   50
 1659
 1664
   65
   73
   88
   88
   88
   88
  898
  954
 1611
 1611
 1634
   36
 1645
  898
  898
  954
 1611
 1611
 1624
 1659
 1664
 1674
 1003
 1611
 1634
 1634
 1645
 1664
 1674
 1674
 1059
 1611
 1624
 1634
 1645
 1659
 1664
 1116
 1611
 1611
 1624
 1634
 1642
 1645
 1653
 1664
 1674
 1674
 1687
 1171
 1116
 1611
 1611
 1634
 1645
 1659
 1116
 1611
 1624
 1634
 1634
 1634
 1680
 1170
 1634
 1653
 1653
 1659
 1674
 1638
 1645
 1648
 1674
 1394
 1611
 1611
 1611
 1624
 1626
 1634
 1653
 1674
 1687
 1690
 1446
 1336
 1648
 1655
 1678
 1687
 1693
 1496
 1606
 1608
 1615
 1620
 1626
 1638
 1638
 1642
 1645
 1644
 1648
 1651
 1656
 1657
 1662
 1672
 1690
 1690
 1695
 1697
 1623
 1629
 1649
 1654
 1675
 1687
 1695
   19
   30
   32
   42
   51
   53
   65
   71
   90
   93
   93
   42
   57
   50
   50
   65
  416
  367
   17
   88
   50
   17
   50
   65
  687
  637
   50
 1624
   36
  898
   36
  898
 1611
 1611
 1645
 1678
 1604
 1615
 1626
 1630
 1632
 1636
 1645
 1648
 1656
 1664
 1677
 1683
    9
   14
   40
   42
   57
   17
   32
   34
   36
   50
   59
   61
   67
   73
   82
    6
   42
   65
  366
  367
  525
   17
  525
   34
   65
   88
   88
   65
   36
  687
   27
   50
   27
   50
  792
   50
  843
  898
  898
   36
   88
  898
 1003
 1611
 1611
 1645
 1674
  898
 1116
 1645
 1171
 1611
 1634
 1687
 1227
 1394
 1608
 1678
 1497
 1608
 1622
 1638
 1656
 1664
 1683
 1696
 1624
 1651
 1685
 1698
   17
   64
   84
   50
  792
 1611
 1645
   11
   36
   36
   38
   42
   71
   84
  209
   88
   65
  580
  792
  792
  898
  898
  954
 1611
 1059
 1664
 1634
 1634
 1645
 1611
 1653
 1638
 1496
 1608
 1630
 1642
 1648
  687
 1615
 1677
    6
    9
   42
   48
   55
   57
   88
  843
  898
 1634
 1664
 1284
 1645
 1608
 1611
 1624
 1638
 1651
 1656
 1643
 1687
 1694
 1284
 1651
 1616
 1630
   17
   34
   59
   50
  843
 1116
   54
   45
   49
   38
   50
   88
  843
 1687
 1693
 1600
   48
  153
 1059
   48
  898
 1651
 1630
   34
   73
 1687
 1687
   45
    6
 1624
 1687
 1059
 1642
 1666
   17
 1611
 1664
 1664
 1653
 1659
  259
 1664
 1653
 1653
   17
 1653
 1664
 1674
 1634
 1653
 1653
 1653
   46
   34
 1170
 1624
 1611
 1674
   50
   34
 1611
   50
 1624
 1674
 1634
 1624
 1624
 1618
 1624
 1674
   27
 1624
  792
 1336
   50
   17
 1336
   50
   88
   27
 1611
 1624
   88
  367
 1624
 1628
  637
  637
 1624
 1626
 1680
   20
  637
 1628
   20
   73
   50
  637
 1116
   27
  470
 1687
 1611
 1680
 1628
   61
 1665
   27
  792
 1659
 1628
   27
   78
   73
   65
 1680
   50
 1674
 1668
   61
  792
   78
   65
   30
 1687
   28
 1668
   65
 1116
 1674
 1667
   30
   88
 1674
   73
 1674
 1445
 1671
   17
 1671
 1671
 1659
 1671
   97
  793
 1664
 1671
   97
 1624
 1693
   97
   97
   17
 1445
 1336
   65
   88
 1687
   17
   17
   36
 1659
   88
 1626
   65
   17
   61
 1645
 1641
   17
   80
   61
 1634
 1638
 1640
   17
  470
   17
 1611
 1674
   17
   17
   80
   63
  154
   73
 1624
 1116
 1170
 1665
   17
 1624
 1445
  154
   17
   65
   27
 1445
   17
  792
   17
  154
   50
 1653
 1659
 1655
   27
  471
 1608
 1645
   73
 1624
 1660
   17
   50
   50
    8
   50
   27
   14
   73
   85
   61
   27
 1637
 1608
 1608
   27
   50
   50
 1653
 1634
 1170
   93
   86
 1636
 1608
   93
   50
   65
 1445
 1645
 1608
   93
   28
   65
 1645
   93
   78
 1611
 1661
   86
  637
   88
   86
   81
   50
 1170
   88
   17
   50
   78
 1664
   88
   88
   17
   50
   50
   88
   88
   17
   85
   73
 1626
   88
    5
   34
   88
 1626
   88
   73
 1664
   50
   17
   50
   88
  637
   17
   36
 1664
    3
   93
   17
   50
 1664
  470
   50
  637
   36
 1664
 1624
   50
   50
    3
 1624
 1611
   50
  843
 1611
  154
   61
   69
   27
   50
   88
  843
  843
  101
   73
 1445
   88
    6
   27
 1693
 1687
 1677
   73
 1613
 1693
   71
 1693
 1667
   20
 1693
 1667
 1116
  579
   96
   36
    8
  312
 1611
   78
   96
    8
    8
   50
   65
  470
 1659
   95
 1611
   88
 1659
   95
 1630
   61
   36
 1687
   63
   36
 1667
   63
 1664
   63
   36
   63
 1636
   63
   59
   88
   36
 1634
 1645
 1606
 1170
 1645
   88
   93
   27
 1170
 1116
  258
   17
   36
 1624
   27
 1170
 1116
   17
   65
 1624
   34
   27
 1624
   65
   36
   65
   88
   88
   65
   36
   50
 1674
   78
 1664
 1611
 1674
 1624
 1627
   78
 1611
   50
 1624
   78
   78
   78
 1693
   50
   36
 1693
   88
 1689
   36
   52
   88
   23
  792
 1624
 1661
   23
 1170
 1665
  792
 1661
   36
   50
   34
 1170
 1648
 1170
  792
 1674
 1170
   34
  636
 1674
 1170
   17
 1674
  636
   88
   88
 1674
 1674
 1226
 1624
   93
  636
 1674
   73
   78
 1659
 1664
   17
   20
   88
 1170
   27
 1664
 1624
  154
   40
   67
   73
   27
 1664
 1690
 1674
 1638
 1690
 1664
 1116
 1170
 1115
 1611
 1608
   88
   88
  898
 1659
   73
   45
   88
  898
   73
   50
   88
 1620
 1059
   50
  367
   36
   27
   50
   88
   73
 1674
   34
  367
   36
    6
   42
    6
    6
   50
    6
   85
  470
   34
 1634
 1611
   34
 1687
   46
   93
   34
   34
   46
  366
   36
   36
 1687
   17
   36
   50
   36
   57
 1674
   73
  898
 1645
  792
   17
   34
   17
 1605
   73
 1645
 1116
   27
 1645
 1671
   34
   27
 1653
 1611
 1672
  470
 1653
 1653
   50
  470
 1116
  470
 1116
  470
  843
 1679
   69
   36
 1678
 1680
   17
   23
   93
   65
   88
   88
 1687
 1664
   14
   50
 1664
  637
 1611
 1662
 1611
   34
   50
 1642
 1611
 1611
 1674
 1674
 1674
 1674
 1674
   27
 1674
   81
 1611
   27
   23
   73
   27
   17
   73
   88
   17
   73
   69
   88
  898
   88
 1674
 1697
  525
  843
   73
  367
 1336
   85
   50
  843
   50
 1680
 1645
   20
   65
 1680
   20
   65
 1642
  470
  898
 1674
 1618
  898
 1618
 1659
   78
 1611
 1642
 1687
 1642
 1611
 1611
 1611
 1611
 1611
 1611
   88
 1678
   65
  898
 1620
 1659
 1659
 1674
 1659
 1624
 1624
 1624
   36
 1671
   91
   88
   88
   91
   50
   88
   88
   88
 1687
 1653
   88
 1674
 1687
 1656
 1634
 1634
 1227
 1693
   17
 1656
   17
   47
 1659
   73
   11
   78
   88
 1626
   11
   11
   88
 1678
 1678
 1678
   61
 1678
 1678
 1664
 1618
   57
   50
 1642
 1664
   50
  366
 1687
 1645
 1659
 1659
 1634
   36
 1624
   27
 1630
   50
 1630
 1630
 1674
 1674
 1687
 1674
 1693
 1611
   11
 1611
 1611
  898
   27
 1611
 1690
   61
 1634
 1615
 1634
 1615
   73
   78
   73
 1059
  525
   73
   61
 1615
   34
  525
   34
  898
 1611
   61
   52
   34
   34
   61
   81
   52
   52
   52
   81
   27
   78
 1638
 1653
 1687
 1687
 1687
   65
  792
 1687
   52
  954
 1667
   88
   88
 1634
 1642
 1687
 1687
   50
 1611
   88
   50
 1693
 1684
   88
    6
   17
 1611
    6
 1645
  367
 1684
   69
   88
 1634
 1336
 1336
   36
   20
 1684
 1671
   61
 1336
  843
 1684
 1684
 1664
 1684
 1653
 1634
   73
 1634
 1634
  637
 1611
  367
   88
   73
   73
 1611
  367
   88
 1674
 1634
   73
 1624
 1634
 1636
   20
 1659
   20
   20
 1659
   34
 1659
 1634
   20
 1664
   88
   88
 1677
 1677
 1634
 1634
 1634
 1634
 1634
 1634
 1336
 1611
   65
 1634
 1634
   55
 1336
 1634
 1634
   57
 1634
   36
   27
 1611
   27
 1611
 1648
 1445
   27
 1618
   20
 1642
 1642
 1611
 1642
   88
  792
 1611
   27
   17
   85
   36
   50
 1611
  367
   65
 1638
 1642
   88
   20
  525
 1683
   65
 1683
 1683
 1642
   65
 1645
 1645
 1664
 1664
 1608
 1608
 1659
   65
   65
   11
   50
 1659
   91
 1626
 1659
 1659
   50
   23
   17
   23
  898
   17
   17
 1659
 1674
 1605
   78
   50
   30
  843
   57
 1618
   27
   78
  843
  898
   17
  898
 1659
 1636
 1680
 1636
 1636
   73
   93
   65
   50
 1611
   88
 1664
 1611
  258
   69
   69
 1642
   50
   52
  898
   52
   52
   50
  898
 1659
 1634
   36
   36
  366
  366
 1611
   17
  366
   36
   17
   17
 1659
 1659
   17
   73
   50
 1611
 1634
   17
   81
   81
 1664
   61
   61
 1664
  898
 1659
    6
    8
    8
   73
   27
   57
  843
  843
   57
   88
   57
   65
   88
 1674
   17
   57
   57
   65
   65
   73
 1674
   88
   30
 1170
   11
   20
   73
   57
   55
   78
   11
 1674
 1687
 1611
 1624
 1693
 1664
    6
   88
    6
 1116
   36
 1116
  792
 1687
   50
 1611
   88
   17
  843
 1674
   65
 1170
 1170
   36
 1664
 1634
   73
   73
    6
    6
   27
   27
   81
  637
 1634
 1659
   23
  637
   36
   27
 1664
   17
 1618
 1617
   88
 1618
 1618
   93
   65
  792
   93
   65
   65
  792
   93
   93
   88
   69
   93
   65
  637
 1653
   88
 1618
   93
   88
 1618
 1653
 1664
   88
 1618
  367
 1445
   88
   88
  367
   78
 1659
   78
 1170
   78
   86
 1674
 1674
 1170
   88
 1674
   88
   88
   36
  366
   93
   93
   17
   36
   17
   73
   17
   17
   27
   50
   27
 1611
  470
 1674
 1638
   73
 1638
 1638
   11
 1116
   11
 1608
 1608
  367
   50
 1674
 1653
 1608
 1608
  367
   20
  366
   88
 1624
   65
   65
   36
   65
   50
 1611
   50
   50
 1116
   73
   27
   34
 1624
   50
   85
 1624
 1626
 1645
 1645
 1653
  367
   78
   50
 1116
   50
   65
 1116
   73
 1116
   65
   27
   65
   73
   65
 1611
   11
 1653
   11
   34
 1659
   11
   34
 1664
   50
   50
 1626
   50
 1664
   65
 1653
   65
 1659
   65
 1611
 1659
 1611
 1680
   50
   88
 1680
 1683
 1680
   50
 1680
  792
 1687
  792
 1659
  792
   73
 1170
 1693
 1674
   42
 1116
 1645
   42
 1664
 1003
 1624
  792
  792
 1638
   34
  792
 1634
 1641
   17
 1116
  525
   65
   88
 1611
   27
  367
 1624
   27
 1624
   65
 1624
  898
 1674
   50
 1674
   61
   50
  637
 1611
 1611
   73
   73
   88
 1170
   34
   88
   34
  898
   27
 1611
   88
   73
 1611
   88
 1624
   11
 1634
   73
 1116
 1638
   73
 1653
   17
    8
 1659
  792
 1687
   73
  792
 1687
  792
   27
 1634
  637
   36
   36
   88
 1653
   88
 1170
 1611
 1671
 1671
   34
 1671
 1624
  470
   73
   36
   73
   36
 1687
 1653
   65
   88
 1664
 1664
 1624
   57
   36
   36
  843
 1687
 1645
 1645
 1645
 1618
   36
 1645
   73
   73
 1645
 1645
 1645
   34
 1687
   25
 1642
 1659
 1680
   73
 1653
 1664
   50
 1638
 1624
   17
   17
 1674
 1648
   17
   30
  843
 1674
 1693
 1611
   17
 1687
 1693
 1693
 1687
 1693
 1693
   27
   61
 1674
   61
 1624
   57
   88
 1638
 1687
   65
   88
   50
 1674
   36
   36
   73
   73
   73
   73
   27
 1624
   61
   50
   88
   50
   61
   36
   50
   65
   65
   50
   50
   50
   88
   50
   88
   50
   88
    6
   17
 1674
    6
 1618
 1674
   50
 1674
   27
 1664
 1611
   73
   17
 1336
   34
   88
   78
   88
   36
   36
 1664
   50
   17
 1664
  525
   65
 1664
   50
 1674
   27
   27
   27
 1687
   27
   88
   88
   50
   50
   65
   61
 1611
 1611
 1611
  470
   50
   36
   27
   36
   50
 1664
 1664
 1611
 1664
   50
   50
  792
   88
 1674
 1624
 1664
   36
   65
   50
   65
   65
   65
 1170
   88
   65
   17
 1674
   50
 1674
 1634
 1687
 1611
 1664
 1674
 1664
 1674
 1674
 1645
 1634
 1645
 1645
   50
 1624
  637
   73
   50
 1674
   36
 1653
   50
 1653
 1611
   57
 1645
 1611
 1634
 1659
 1693
 1645
 1170
 1645
 1659
 1645
 1645
 1659
   65
   65
   65
 1638
 1693
 1611
 1680
   88
   27
 1624
 1624
 1624
 1687
   50
   65
  637
   50
   50
  525
  525
 1638
   17
 1638
 1674
 1674
  843
 1674
   88
  898
 1664
 1671
 1687
 1634
  898
 1687
   65
   61
 1687
 1664
   17
   65
   36
 1634
   36
  843
   88
   88
   36
   88
   88
   17
   88
   88
   88
   73
   88
 1674
   50
   88
 1674
   65
   65
 1674
   88
 1674
   34
 1674
  792
   65
 1653
 1653
   73
 1116
 1642
   73
 1642
   73
 1642
 1642
 1642
 1642
   17
   34
   34
   50
   50
   27
   50
   50
   36
   50
 1674
 1674
 1116
   81
   17
   17
   17
   17
 1674
   50
   73
   17
   57
   57
   50
  637
   88
 1659
   88
 1645
 1664
 1634
 1624
   88
 1116
 1645
 1645
 1645
 1645
   36
 1645
   50
  898
   27
 1674
 1674
 1674
 1645
   73
   36
   36
   36
   27
 1611
   34
 1611
 1611
   65
   50
 1664
   50
   61
   61
   61
  898
 1674
 1659
   17
 1664
 1653
 1664
 1611
 1659
 1642
 1611
 1611
 1611
 1611
 1645
 1687
 1687
   50
   65
  898
   61
 1605
   73
   73
   73
   50
   50
   50
   50
 1634
   50
   50
   36
 1634
   65
 1664
 1659
 1624
 1645
 1653
 1634
 1687
   36
   27
 1116
 1674
 1116
   27
 1634
   73
 1653
   88
 1611
   17
 1624
 1611
 1664
 1611
 1674
 1645
   88
   36
 1674
   73
   17
 1664
 1674
   50
   50
   17
   50
 1664
 1664
   17
   50
   34
 1664
 1664
   65
   65
 1624
   88
 1634
 1664
 1664
 1674
 1674
 1674
 1674
   57
   57
   57
   88
 1634
   36
 1634
 1642
  843
 1116
 1116
   50
 1674
 1634
   17
 1687
 1687
 1638
   88
   88
   88
   65
 1674
   88
 1624
   88
 1624
  898
 1659
   17
   73
 1638
 1653
 1664
 1611
 1611
 1659
   88
   57
 1687
 1687
   61
 1687
 1674
 1659
 1653
   17
   27
   27
   57
   17
 1687
 1645
 1645
 1611
 1645
 1611
 1674
 1664
 1664
 1645
 1687
 1687
 1645
 1659
   65
   65
   50
 1624
   52
 1624
 1687
 1624
 1624
 1059
   50
   73
   88
 1674
 1671
 1634
   27
 1664
   27
   27
 1634
   50
   88
 1634
   50
   50
   50
 1687
   17
   17
   17
   17
   88
   65
 1674
   50
 1642
   57
 1659
 1645
   17
 1116
   17
   88
   17
   17
 1664
 1634
 1687
   65
   88
   17
   65
   17
   50
   17
   65
   65
   65
   65
   65
 1687
 1674
   65
 1170
 1687
 1674
 1624
 1659
 1687
 1664
   27
 1674
 1674
 1611
   73
 1664
   50
  792
 1611
  898
 1611
   73
   17
   73
   73
   73
 1642
   88
   88
   78
   88
 1664
 1645
   65
   65
 1659
 1645
   65
   65
   65
   65
 1645
   17
 1664
 1664
 1674
 1674
 1634
 1611
 1674
 1653
 1674
 1674
 1674
 1664
 1664
   50
 1664
 1624
 1634
 1634
 1674
 1611
 1624
   65
 1611
  792
   50
   57
   57
 1680
 1645
  792
 1664
 1664
   65
   50
   50
 1664
 1611
 1611
 1659
 1664
   73
   65
 1611
 1611
 1687
  898
  792
 1642
 1611
 1611
 1687
 1634
 1645
 1634
   50
 1642
   36
   27
   27
   27
 1664
 1642
 1680
 1664
 1645
 1645
 1645
   50
 1664
 1664
 1664
   50
 1645
   27
 1645
   27
 1687
   27
   36
  898
 1611
  898
 1624
 1645
 1664
  898
 1638
 1638
 1611
   73
   73
   73
 1624
 1624
  898
 1671
 1659
   73
   73
 1645
 1664
 1664
 1645
 1664
 1664
   17
   88
   17
   17
 1687
   50
   65
 1624
  898
   65
  898
 1611
 1611
 1611
 1624
   27
   27
 1664
   57
   57
   57
   65
   57
   57
   65
   57
  898
   88
   57
  898
   65
   78
   65
 1645
 1659
   17
 1645
 1674
   50
   50
   50
   50
   50
 1664
 1664
 1611
 1624
   65
 1664
   65
 1611
  792
 1687
 1687
   65
   65
 1659
 1611
   65
 1645
   27
   27
 1659
 1645
   27
 1611
 1664
   50
 1664
  898
  898
   65
   50
   50
   65
 1671
   50
 1674
 1674
   65
   65
   65
 1674
   88
   57
   65
   65
   65
 1659
 1664
   50
 1659
 1664
   73
 1659
   27
   50
 1687
 1659
   50
 1687
   50
   50
   85
   50
   50
 1618
 1659
 1659
 1674
 1687
  898
   50
   50
  898
 1659
 1659
 1645
 1659
 1645
   27
  898
  898
   88
 1624
 1645
 1674
   50
   50
   50
