    1
    2
    3
    4
    5
    6
    7
    8
    9
   10
   11
   12
   13
   14
   15
   16
   17
   18
   19
   20
   21
   22
   23
   24
   25
   26
   27
   28
   29
   30
   31
   32
   33
   34
   35
   36
   37
   38
   39
   40
   41
   42
   43
   44
   45
   46
   47
   48
   49
   50
   51
   52
   53
   54
   55
   56
   57
   58
   59
   60
   61
   62
   63
   64
   65
   66
   67
   68
   69
   70
   71
   72
   73
   74
   75
   76
   77
   78
   79
   80
   81
   82
   83
   84
   85
   86
   87
   88
   89
   90
   91
   92
   93
   94
   95
   96
   97
   98
   99
  100
  101
    3
    5
    7
    8
    9
   12
   14
   15
   18
   20
   22
   24
   25
   27
   29
   31
   33
   34
   36
   38
   39
   41
   43
   46
   47
   49
   50
   52
   53
   55
   56
   58
   60
   62
   66
   68
   70
   72
   74
   75
   77
   79
   81
   83
   85
   87
   89
   91
   92
   94
   96
   98
  154
  155
    3
    5
    5
    7
    9
   11
   11
   13
   14
   15
   17
   19
   21
   22
   24
   26
   29
   29
   31
   32
   34
   36
   38
   40
   40
   41
   42
   45
   47
   50
   50
   52
   52
   55
   57
   58
   59
   65
   66
   67
   71
   74
   77
   79
   80
   82
   83
   83
   87
   88
   89
   92
   93
   98
  210
  211
  211
    5
    8
    8
   11
   11
   15
   17
   20
   21
   24
   26
   26
   29
   29
   29
   32
   33
   36
   38
   40
   42
   45
   47
   50
   52
   55
   57
   57
   59
   65
   69
   69
   73
   77
   78
   78
   83
   85
   87
   87
   87
   89
   93
   93
   96
   97
  260
  260
  261
  261
  261
    6
    8
   11
   15
   17
   20
   20
   21
   24
   26
   29
   31
   33
   33
   36
   36
   38
   40
   42
   42
   47
   47
   50
   52
   52
   52
   59
   59
   62
   62
   65
   69
   73
   74
   74
   78
   78
   83
   83
   87
   91
   93
   93
   96
  365
  310
  310
  311
  311
  311
  311
    8
   11
   11
   15
   15
   21
   21
   24
   26
   26
   26
   31
   33
   33
   36
   40
   42
   42
   42
   47
   47
   50
   52
   52
   57
   59
   59
   62
   62
   65
   65
   69
   69
   73
   74
   74
   78
   78
   78
   83
   83
   87
   89
   89
   91
   91
   93
  365
  365
  365
  365
  366
  366
  413
  413
    8
   11
   11
   15
   15
   15
   21
   21
   24
   26
   26
   29
   31
   33
   33
   36
   36
   42
   42
   42
   45
   52
   52
   55
   57
   59
   62
   65
   69
   74
   74
   78
   78
   83
   83
   83
   87
   91
   93
  365
  463
  412
  412
  413
  413
  413
  413
    8
   11
   15
   15
   21
   21
   21
   26
   26
   31
   33
   36
   36
   40
   42
   42
   42
   47
   47
   52
   52
   52
   55
   55
   59
   59
   62
   62
   65
   65
   69
   69
   69
   74
   74
   78
   83
   87
   89
   89
   91
  518
  518
  518
  463
  463
  463
  464
  464
  413
   11
   11
   15
   15
   21
   21
   21
   21
   26
   26
   26
   31
   31
   33
   33
   36
   36
   36
   42
   42
   42
   47
   47
   47
   52
   52
   52
   55
   59
   59
   62
   65
   65
   69
   69
   69
   74
   74
   78
   78
   83
   83
   83
   89
   89
   89
  518
  518
  518
  518
  518
  518
  519
  571
  571
  571
  571
   11
   15
   15
   15
   21
   21
   21
   26
   26
   33
   33
   36
   36
   36
   42
   42
   42
   42
   47
   47
   47
   47
   52
   52
   52
   55
   59
   59
   62
   65
   69
   69
   69
   78
   78
   78
   83
   83
   83
   89
   89
  518
  518
  518
  518
  570
  570
  571
  571
  571
  571
  571
  571
   15
   15
   15
   15
   21
   21
   21
   26
   26
   31
   33
   36
   36
   36
   42
   42
   42
   47
   47
   47
   52
   52
   59
   59
   59
   62
   65
   69
   69
   74
   74
   74
   78
   78
   83
   83
   87
   89
  620
  620
  620
  620
  620
  620
  621
  621
  671
  671
  671
  671
  671
   15
   15
   15
   21
   21
   21
   26
   26
   26
   31
   33
   33
   36
   36
   36
   42
   42
   47
   47
   52
   52
   59
   59
   62
   62
   65
   65
   69
   69
   69
   74
   74
   78
   78
   83
   83
   83
  620
  620
  620
  670
  670
  670
  671
  671
  671
  671
  671
  776
  776
   15
   15
   21
   21
   21
   26
   26
   26
   33
   33
   36
   36
   42
   42
   42
   47
   47
   52
   52
   59
   59
   59
   62
   62
   65
   65
   69
   69
   74
   74
   78
   78
   78
   83
   83
   87
  775
  775
  775
  775
  775
  775
  721
  721
  722
  671
  776
  776
  776
  776
  776
  776
   15
   15
   21
   21
   26
   26
   33
   36
   36
   42
   42
   47
   47
   47
   52
   52
   52
   59
   59
   59
   59
   62
   62
   65
   69
   69
   74
   74
   74
   78
   78
   83
   83
   83
   83
   83
   83
  775
  775
  775
  775
  775
  775
  775
  775
  775
  776
  776
  776
  776
  776
  776
  776
  776
   15
   21
   21
   21
   26
   26
   33
   33
   33
   36
   36
   36
   42
   42
   42
   47
   47
   52
   59
   59
   59
   59
   62
   62
   69
   69
   74
   74
   74
   83
   83
   83
   83
  775
  775
  775
  775
  775
  775
  824
  824
  825
  825
  776
  776
  776
  776
  776
  776
  776
  776
  776
 1569
   21
 1577
 1577
 1579
   26
 1582
 1588
 1588
 1588
 1588
 1594
   42
   42
 1600
 1600
 1600
 1606
 1606
 1610
 1610
 1613
 1613
 1618
 1618
 1618
 1626
 1626
 1628
 1628
 1628
 1628
 1638
 1638
 1638
 1638
  775
  775
  775
  775
  879
  879
  879
  879
  880
  929
  929
  776
  776
  776
  776
  776
 1569
 1569
 1577
 1577
 1579
 1579
 1582
 1588
 1588
 1594
 1594
 1594
 1600
 1600
 1600
 1600
 1606
 1606
 1610
 1618
 1618
 1618
 1618
 1626
 1626
 1628
 1628
 1628
 1628
 1638
 1638
 1638
  775
 1033
 1033
 1033
  980
  980
  980
  928
  928
  929
  929
  929
 1089
 1089
 1089
 1089
 1569
 1569
 1569
 1569
 1577
 1579
 1579
 1582
 1582
 1582
 1588
 1588
 1591
 1594
 1594
 1594
 1594
 1600
 1600
 1600
 1606
 1606
 1610
 1610
 1613
 1613
 1618
 1618
 1626
 1626
 1628
 1628
 1628
 1632
 1638
 1638
 1638
 1638
 1638
 1033
 1033
 1033
  980
  980
  980
  981
  981
 1089
 1089
 1089
 1569
 1569
 1569
 1569
 1577
 1577
 1577
 1579
 1579
 1579
 1582
 1588
 1588
 1591
 1591
 1594
 1600
 1600
 1600
 1600
 1606
 1606
 1606
 1610
 1613
 1613
 1613
 1618
 1618
 1618
 1626
 1626
 1628
 1628
 1628
 1632
 1638
 1638
 1638
 1033
 1033
 1033
 1033
 1033
 1033
 1033
 1033
 1033
 1034
 1034
 1089
 1089
 1089
 1089
 1569
 1569
 1569
 1569
 1569
 1577
 1579
 1579
 1579
 1582
 1582
 1588
 1588
 1588
 1591
 1594
 1594
 1594
 1600
 1600
 1600
 1606
 1606
 1610
 1610
 1613
 1613
 1613
 1613
 1618
 1618
 1618
 1626
 1628
 1628
 1628
 1628
 1632
 1632
 1638
 1638
 1638
 1638
 1033
 1033
 1033
 1033
 1088
 1088
 1089
 1089
 1089
 1089
 1089
 1566
 1569
 1569
 1569
 1569
 1569
 1577
 1577
 1577
 1579
 1579
 1579
 1582
 1588
 1588
 1588
 1591
 1594
 1594
 1600
 1600
 1606
 1606
 1606
 1606
 1610
 1610
 1613
 1613
 1618
 1618
 1621
 1628
 1628
 1638
 1638
 1638
 1638
 1641
 1645
 1033
 1192
 1192
 1139
 1139
 1139
 1140
 1140
 1089
 1193
 1193
 1193
 1562
 1566
 1569
 1569
 1572
 1577
 1577
 1579
 1579
 1579
 1582
 1588
 1588
 1588
 1594
 1594
 1600
 1600
 1600
 1600
 1606
 1606
 1610
 1610
 1613
 1613
 1618
 1618
 1618
 1621
 1623
 1628
 1628
 1628
 1628
 1638
 1638
 1638
 1638
 1641
 1645
 1192
 1192
 1192
 1192
 1192
 1192
 1193
 1193
 1193
 1193
 1562
 1562
 1566
 1569
 1569
 1569
 1574
 1577
 1579
 1579
 1582
 1582
 1582
 1588
 1588
 1591
 1594
 1594
 1594
 1600
 1600
 1600
 1600
 1606
 1606
 1607
 1610
 1613
 1618
 1618
 1618
 1621
 1623
 1628
 1628
 1628
 1632
 1638
 1638
 1638
 1641
 1645
 1646
 1192
 1192
 1296
 1296
 1244
 1245
 1245
 1245
 1245
 1245
 1566
 1566
 1569
 1572
 1572
 1577
 1579
 1579
 1582
 1582
 1586
 1588
 1588
 1591
 1591
 1594
 1594
 1600
 1600
 1600
 1606
 1606
 1610
 1613
 1613
 1618
 1618
 1618
 1621
 1621
 1623
 1626
 1628
 1628
 1632
 1632
 1632
 1635
 1638
 1638
 1638
 1645
 1645
 1647
 1350
 1296
 1296
 1297
 1297
 1245
 1560
 1562
 1562
 1562
 1566
 1572
 1572
 1577
 1577
 1577
 1579
 1579
 1582
 1582
 1586
 1588
 1588
 1591
 1594
 1594
 1597
 1600
 1600
 1604
 1606
 1610
 1613
 1613
 1615
 1618
 1618
 1621
 1621
 1621
 1626
 1628
 1628
 1632
 1632
 1635
 1638
 1638
 1638
 1641
 1641
 1645
 1645
 1647
 1350
 1350
 1350
 1351
 1351
 1562
 1562
 1566
 1569
 1569
 1572
 1574
 1574
 1577
 1577
 1582
 1582
 1582
 1586
 1588
 1588
 1591
 1593
 1594
 1600
 1600
 1604
 1606
 1610
 1611
 1613
 1615
 1615
 1618
 1621
 1621
 1623
 1626
 1628
 1628
 1631
 1632
 1632
 1635
 1638
 1638
 1641
 1645
 1645
 1646
 1647
 1401
 1401
 1401
 1402
 1402
 1402
 1560
 1562
 1565
 1566
 1566
 1569
 1570
 1572
 1577
 1582
 1582
 1586
 1588
 1589
 1591
 1593
 1594
 1597
 1600
 1604
 1606
 1607
 1613
 1615
 1615
 1618
 1618
 1621
 1623
 1625
 1628
 1628
 1632
 1632
 1633
 1635
 1638
 1638
 1646
 1646
 1647
 1447
 1447
 1448
 1557
 1558
 1560
 1561
 1563
 1565
 1567
 1569
 1570
 1573
 1575
 1577
 1579
 1584
 1586
 1588
 1590
 1591
 1592
 1594
 1596
 1597
 1598
 1602
 1604
 1606
 1610
 1611
 1613
 1615
 1618
 1618
 1620
 1621
 1623
 1625
 1626
 1629
 1630
 1632
 1634
 1635
 1639
 1641
 1643
 1645
 1647
 1649
 1650
 1651
 1500
 1500
 1501
 1557
 1559
 1561
 1563
 1564
 1566
 1568
 1570
 1572
 1573
 1574
 1575
 1577
 1579
 1581
 1583
 1585
 1587
 1588
 1589
 1591
 1593
 1595
 1597
 1599
 1601
 1603
 1604
 1606
 1609
 1613
 1615
 1616
 1617
 1619
 1621
 1623
 1625
 1627
 1632
 1633
 1635
 1636
 1638
 1639
 1641
 1643
 1644
 1646
 1647
 1650
 1652
 1554
 1555
 1556
 1557
 1558
 1559
 1560
 1561
 1562
 1563
 1564
 1565
 1566
 1567
 1568
 1569
 1570
 1571
 1572
 1573
 1574
 1575
 1576
 1577
 1578
 1579
 1580
 1581
 1582
 1583
 1584
 1585
 1586
 1587
 1588
 1589
 1590
 1591
 1592
 1593
 1594
 1595
 1596
 1597
 1598
 1599
 1600
 1601
 1602
 1603
 1604
 1605
 1606
 1607
 1608
 1609
 1610
 1611
 1612
 1613
 1614
 1615
 1616
 1617
 1618
 1619
 1620
 1621
 1622
 1623
 1624
 1625
 1626
 1627
 1628
 1629
 1630
 1631
 1632
 1633
 1634
 1635
 1636
 1637
 1638
 1639
 1640
 1641
 1642
 1643
 1644
 1645
 1646
 1647
 1648
 1649
 1650
 1651
 1652
 1653
 1654
    6
   10
   12
   14
   16
   22
   23
   26
   35
   37
   39
   41
   56
   67
   68
   69
   74
   75
   82
   83
   88
  155
    9
   14
   18
   25
   29
   31
   33
   38
   42
   45
   47
   50
   53
   64
   65
   69
   71
   85
   87
   87
   93
   95
   97
  211
    5
   11
   15
   17
   20
   21
   24
   26
   32
   36
   50
   55
   59
   59
   62
   67
   74
   74
   80
   83
   89
  261
   11
   15
   15
   31
   33
   36
   40
   42
   47
   52
   55
   62
   62
   65
   69
   69
   78
   81
   83
   87
   89
   93
  260
  311
    8
   11
   17
   24
   24
   29
   36
   47
   47
   52
   55
   57
   59
   69
   74
   74
   78
   89
   91
  365
  365
    8
   15
   21
   24
   26
   31
   33
   36
   42
   47
   47
   47
   47
   52
   59
   62
   65
   69
   74
   78
   87
   89
  413
  413
   15
   29
   33
   33
   36
   36
   36
   47
   52
   52
   62
   65
   69
   78
   78
   78
   83
   87
  518
  464
   21
   29
   36
   36
   42
   52
   74
   78
   78
   89
   89
  571
  571
  571
   15
   21
   33
   33
   42
   42
   47
   52
   52
   52
   59
   69
   69
   74
   74
   74
   78
   83
   83
   87
   89
   89
  570
  571
   15
   15
   21
   21
   26
   31
   33
   52
   52
   59
   59
   59
   62
   69
   69
   74
   78
   83
   83
   87
   89
   89
  620
  620
  620
  620
  671
  671
   21
   21
   26
   36
   47
   47
   52
   59
   59
   65
   69
   78
   83
   83
   87
   87
  670
  671
  776
  671
   15
   15
   21
   21
   21
   36
   36
   36
   42
   42
   47
   47
   47
   52
   69
   74
   78
   83
   87
   87
  775
  722
  776
  776
   15
   15
   26
   33
   36
   59
   59
   59
   74
   74
   74
   83
  775
  776
  776
  776
  776
   26
   26
   33
   36
   42
   42
   42
   47
   52
   52
   52
 1610
   59
   59
   59
 1613
   62
   69
   69
 1628
   78
  775
  775
  775
  824
  776
  776
  776
  776
   21
   21
   21
 1579
 1579
   33
 1594
 1600
 1606
 1606
 1610
 1618
   62
   69
 1628
 1628
   78
  775
  775
  775
  775
  980
  879
 1089
  776
 1569
 1569
 1569
 1582
 1582
 1588
 1588
 1588
 1591
 1594
 1600
 1606
 1606
 1613
 1618
 1626
 1632
 1638
  980
  928
  929
 1089
 1569
 1569
 1577
 1577
 1577
 1582
 1591
 1600
 1600
 1600
 1613
 1618
 1626
 1628
 1628
 1628
 1638
 1033
  980
 1034
 1089
 1089
 1569
 1569
 1569
 1569
 1582
 1588
 1591
 1594
 1594
 1606
 1613
 1613
 1626
 1632
 1638
 1638
 1089
 1089
 1089
 1569
 1577
 1588
 1591
 1594
 1600
 1606
 1613
 1618
 1618
 1628
 1638
 1638
 1033
 1033
 1089
 1089
 1569
 1569
 1577
 1582
 1588
 1591
 1594
 1594
 1606
 1610
 1613
 1618
 1628
 1628
 1628
 1638
 1638
 1638
 1192
 1140
 1089
 1089
 1569
 1569
 1577
 1582
 1588
 1600
 1606
 1606
 1613
 1618
 1621
 1632
 1192
 1192
 1193
 1193
 1562
 1566
 1569
 1569
 1574
 1577
 1588
 1591
 1600
 1606
 1610
 1610
 1613
 1618
 1618
 1621
 1623
 1626
 1628
 1638
 1638
 1638
 1645
 1645
 1192
 1296
 1245
 1245
 1562
 1566
 1574
 1577
 1577
 1591
 1594
 1594
 1594
 1600
 1600
 1606
 1606
 1610
 1618
 1618
 1621
 1626
 1628
 1638
 1641
 1192
 1350
 1351
 1562
 1569
 1569
 1572
 1579
 1591
 1600
 1610
 1615
 1618
 1618
 1632
 1560
 1566
 1569
 1574
 1582
 1586
 1591
 1591
 1594
 1594
 1606
 1615
 1618
 1618
 1628
 1632
 1635
 1645
 1647
 1650
 1401
 1401
 1579
 1600
 1600
 1606
 1611
 1613
 1613
 1615
 1618
 1621
 1623
 1635
 1643
 1645
 1650
 1651
 1557
 1560
 1564
 1570
 1572
 1573
 1580
 1586
 1586
 1590
 1592
 1593
 1595
 1602
 1606
 1608
 1615
 1618
 1621
 1631
 1635
 1637
 1641
 1646
 1650
 1500
 1558
 1560
 1567
 1576
 1589
 1593
 1599
 1617
 1620
 1624
 1630
 1633
 1634
 1636
 1639
 1652
   12
   15
   34
   58
  155
   11
   17
   21
   36
   37
   40
   42
   54
   59
   60
   67
   67
   69
   71
   73
   83
   87
   15
   17
   55
   69
   73
   74
    8
    8
   11
   15
   24
   29
   50
   57
   91
  310
  311
   15
   36
   38
   47
   52
   65
   69
   81
  365
  311
   15
   21
   26
   36
   42
   42
   47
   78
   83
  413
  571
   42
   42
   47
   59
   65
   78
   83
   89
   15
   17
   21
   42
   62
   83
  519
  571
   21
   26
   36
   65
   83
   89
  518
  571
  571
   36
   36
   62
   83
  621
  776
   15
   47
   47
   83
  620
  670
   15
   21
   42
   47
   78
   78
  775
   26
   52
   52
   78
  775
  775
  776
   26
   42
   42
   47
   47
   59
   62
  775
  775
  879
 1588
   42
   47
   59
 1626
 1628
   83
 1638
  775
  775
  775
  880
 1577
 1577
 1582
 1588
 1638
  980
  929
 1569
 1577
 1579
 1606
 1610
 1618
 1628
 1632
  981
 1577
 1588
 1594
 1600
 1600
 1628
 1628
 1033
 1033
 1569
 1579
 1582
 1582
 1591
 1600
 1618
 1089
 1569
 1577
 1582
 1588
 1600
 1606
 1613
 1632
 1632
 1140
 1569
 1569
 1588
 1600
 1610
 1193
 1572
 1582
 1591
 1591
 1635
 1192
 1569
 1594
 1606
 1607
 1613
 1632
 1600
 1606
 1623
 1628
 1351
 1566
 1566
 1569
 1577
 1579
 1588
 1607
 1628
 1638
 1645
 1402
 1402
 1584
 1594
 1602
 1608
 1626
 1641
 1647
 1447
 1560
 1562
 1569
 1574
 1580
 1584
 1591
 1592
 1596
 1598
 1598
 1602
 1605
 1611
 1615
 1626
 1643
 1645
 1646
 1649
 1651
 1577
 1583
 1596
 1603
 1606
 1608
 1629
 1641
 1649
   19
   30
   32
   42
   51
   53
   65
   71
   90
   93
   93
   42
   47
   47
  412
  413
   15
   83
   42
   15
   42
   59
   83
  671
  671
   42
   26
   33
  775
 1582
 1569
 1600
 1632
 1558
 1569
 1580
 1586
 1586
 1590
 1600
 1602
 1610
 1618
 1630
 1637
    9
   40
   42
   49
   57
   17
   19
   32
   35
   37
   51
   57
   59
   67
   82
    8
   42
   65
   65
  412
  413
  464
   15
  571
   83
   87
   62
   36
  671
   47
   26
   42
 1628
  775
   42
  880
 1033
 1588
 1638
 1033
  981
 1569
 1569
 1628
 1034
 1600
 1140
 1569
 1591
 1638
 1244
 1193
 1613
 1351
 1562
 1632
 1576
 1592
 1610
 1629
 1637
 1650
 1577
 1639
 1652
   17
   64
   84
  412
  775
 1600
   11
   37
   42
   71
   84
   83
   59
   62
  571
   15
  620
  775
  775
  775
  929
 1569
 1606
 1618
 1618
 1569
 1588
 1591
 1600
 1628
 1566
 1607
 1594
 1447
 1584
 1596
 1602
 1605
  671
 1569
 1631
    6
    9
   42
   48
   54
   83
   83
   21
  775
 1089
 1600
 1402
 1562
 1577
 1597
 1641
 1647
 1244
 1570
 1584
 1610
   17
   35
  825
 1033
 1033
 1034
 1610
   54
   44
   49
   50
   74
  825
 1641
 1600
 1244
 1577
 1620
 1641
 1642
 1647
 1604
 1554
   47
  154
 1033
 1602
 1088
   48
 1575
   34
   49
  261
   15
 1618
 1613
 1088
 1579
 1621
 1618
 1607
   45
 1610
 1641
 1641
 1610
 1642
   45
   33
   42
 1628
 1139
 1596
 1607
 1585
   15
 1613
 1579
 1582
 1628
 1575
 1565
 1608
 1575
 1594
 1448
 1628
 1607
   26
  670
   47
 1565
 1584
  620
  776
 1448
 1565
 1572
 1579
   89
   69
   29
 1569
 1566
 1582
  671
 1245
   21
 1448
  776
   21
 1089
 1577
 1579
 1566
 1566
 1582
  518
 1645
 1566
 1582
 1245
   88
   59
 1626
 1634
  775
 1638
 1566
   78
   89
 1089
 1296
   69
   59
 1577
 1626
 1626
   26
  776
 1619
   26
   62
   69
 1610
   26
   29
 1579
   29
 1638
 1613
 1638
   59
   69
   62
   11
  671
   36
  776
 1582
 1600
 1624
 1606
 1638
   97
   15
   15
   15
 1613
 1588
   36
 1569
 1600
  776
 1582
 1600
  211
  261
   26
  776
 1613
 1588
 1623
 1628
   97
   15
   65
   74
 1610
   15
   69
 1628
   26
 1622
   60
   15
   69
   47
  824
 1600
 1594
 1646
 1622
 1646
   15
   74
   61
   50
   62
   69
   74
 1645
 1646
   46
   50
 1638
   62
   26
 1645
   61
   27
   26
  776
 1594
   78
  670
  571
   83
 1625
 1594
 1401
 1594
  571
  776
   15
 1618
   52
   52
 1192
 1608
 1594
   33
   42
   52
  776
  776
   89
   80
   83
   89
 1618
 1192
   80
   52
   87
  776
   36
 1618
 1618
 1577
 1563
 1591
    8
   47
   17
   42
    8
   74
 1600
   17
   36
  776
   59
 1562
  776
   13
 1638
 1638
   74
   59
   59
   58
    5
   85
   87
   26
   52
  776
 1351
   93
   13
   69
   89
   93
   26
   87
   42
 1574
   87
   65
   89
  571
  929
 1608
   86
   93
   13
   86
   95
   62
 1569
   36
   26
   81
   36
   83
 1614
   87
   95
   34
   93
   42
 1600
   21
   83
 1562
 1614
  260
 1614
   42
   15
 1401
   93
 1562
 1621
   69
 1618
 1350
   47
 1562
  260
 1447
    7
   47
  518
   65
 1296
  210
    3
   36
 1614
 1616
 1638
 1296
  260
   62
  154
 1638
   36
 1580
 1589
 1559
 1621
 1638
   62
   64
   62
 1559
 1588
   36
 1610
 1626
 1588
 1626
 1642
   62
 1560
   20
 1579
   33
 1621
  775
   36
 1626
   20
   36
 1626
 1581
   83
  464
   26
   33
 1626
   62
   78
   33
 1192
 1568
   31
   36
   62
 1600
   52
   33
 1192
 1606
 1567
  879
 1646
 1593
  776
   52
   52
 1562
 1646
 1582
   52
 1594
   79
   89
 1618
 1628
 1582
   89
 1638
   78
 1582
   87
   89
   23
   78
   87
  775
   83
 1626
   78
   89
   52
  775
 1613
 1577
 1618
   26
   23
  775
   95
   78
 1618
 1618
   78
   24
   45
 1565
   52
 1606
   33
   42
   43
   26
   45
   33
   74
 1628
 1588
   26
 1628
   52
 1566
 1643
   33
   33
  413
   47
   26
 1605
   31
 1600
   93
   15
  775
   51
   33
   74
 1588
   74
 1600
   29
   26
   33
  311
 1588
   26
 1638
   42
   67
   80
  980
  980
 1577
 1579
   81
   47
   45
 1602
 1585
  620
 1561
   96
 1600
 1574
 1638
  620
   74
 1641
   40
   74
  518
   64
 1600
 1569
   12
   83
 1576
  776
   59
   11
   83
  879
 1569
 1628
 1575
 1577
   52
 1569
 1628
 1569
 1628
 1576
 1569
 1628
 1628
 1574
  365
   52
 1577
 1618
   26
   26
 1618
 1633
 1607
 1572
   33
 1572
 1606
 1594
   26
 1606
 1569
 1572
 1572
   85
 1600
 1569
 1638
   47
  365
 1574
    8
 1615
  776
 1638
  775
   47
  310
    8
 1615
 1089
 1615
 1600
 1641
 1560
   47
   72
 1588
 1560
 1596
 1588
 1559
   21
   89
   72
   73
   42
   78
 1613
   59
   21
   96
   21
   91
 1591
 1628
   21
   21
   77
 1588
   62
 1192
   25
 1192
   97
 1623
   87
 1613
 1628
 1561
 1624
 1624
   65
  981
 1628
 1624
 1610
 1572
 1643
   65
 1596
 1600
 1624
  463
 1572
   31
 1596
  980
 1572
 1645
 1596
 1610
  463
 1610
   81
  463
  518
 1650
   81
 1584
 1579
 1569
   47
 1638
 1613
 1577
 1645
 1637
 1569
 1245
 1613
 1613
 1638
 1562
 1635
   11
  571
 1638
   93
   78
 1591
 1628
 1627
 1193
   55
  518
   56
   91
 1579
   62
 1601
 1594
   57
   91
   56
   91
   62
 1601
   25
   36
   57
   90
   36
   91
 1632
 1638
 1586
 1139
 1645
   36
   36
 1632
 1606
   14
 1574
 1618
   24
   59
   14
   11
   15
 1089
   15
   15
   24
 1638
 1638
 1638
 1638
 1638
   15
 1600
   15
   38
 1649
 1647
   69
  775
 1632
  518
 1638
 1582
 1638
   42
  365
   74
 1641
 1351
    8
   74
 1641
   87
 1033
 1560
 1560
 1612
 1591
    8
  929
 1611
 1631
    8
  929
  929
 1631
   19
  980
 1569
   40
   78
 1569
   15
 1604
   11
   15
  413
 1604
   15
   15
   11
 1566
  670
 1586
 1566
   52
 1606
   73
   47
   11
 1606
   55
 1606
   11
 1606
   11
   73
   73
   54
  620
 1606
 1588
 1569
 1588
 1621
   17
 1192
 1192
   89
 1582
 1613
 1584
 1350
   65
 1628
 1588
 1566
 1628
   97
   83
 1628
 1628
   17
   69
 1618
   67
  671
   74
 1613
 1613
 1618
   33
 1618
 1594
 1618
 1594
    8
 1628
  413
 1402
   50
 1600
 1296
   69
 1192
 1604
   15
  776
 1574
  776
   52
 1635
 1639
   59
 1574
    8
   59
    8
   74
   42
 1611
   33
 1611
   59
 1562
 1641
 1641
   69
    8
   74
 1618
 1594
 1350
 1618
 1591
   74
 1350
   93
 1641
    8
 1610
  929
 1641
 1588
 1645
 1588
 1591
 1629
 1645
 1588
 1588
 1586
 1628
 1588
 1597
   45
  929
 1613
   52
 1641
   52
   52
   50
   96
 1572
   45
   74
 1572
   65
  775
   59
   65
  775
   52
   47
  518
 1613
   15
    8
 1613
  518
 1613
   81
   45
   83
 1610
 1590
   81
   83
 1590
   83
   81
  413
 1628
   69
   26
 1632
   42
   69
 1591
   24
   42
 1401
   24
   78
   15
 1588
   33
  776
   62
   13
   13
   59
  776
 1577
 1600
 1600
  776
   33
 1600
 1594
   78
 1600
 1579
 1600
 1193
 1647
 1638
 1646
 1632
 1650
   83
 1646
 1600
  571
 1650
   83
  571
 1632
   15
   42
   21
   42
  980
   42
 1613
 1594
   42
   42
   69
   78
   36
 1569
  211
   55
  211
   81
  211
   42
   81
 1350
   42
   47
 1607
   36
   42
   69
 1606
  571
 1607
   69
 1626
   26
  311
   26
  776
  413
 1606
  776
    5
  365
   52
  413
    6
 1586
    5
 1586
   91
 1641
 1588
    6
   52
    6
 1626
 1637
 1637
 1637
   47
 1577
  311
 1562
 1089
 1089
   83
   87
 1613
   40
 1565
 1592
   42
 1606
 1645
 1606
 1606
 1645
 1613
   42
 1579
 1579
 1579
 1579
 1610
 1635
   57
 1606
 1591
 1638
 1562
   40
 1638
 1562
   78
   83
 1638
 1638
 1613
 1569
   47
 1623
 1589
   47
 1624
  571
  980
 1646
 1632
   59
 1569
 1579
   87
   87
 1632
   29
 1577
   29
 1606
   29
   29
 1560
   89
 1562
 1560
  776
 1610
   89
 1562
   89
   33
   89
   89
   33
  620
  620
 1641
 1618
 1623
   74
   47
  518
 1192
 1577
 1193
 1645
 1623
 1193
   11
   24
 1033
   13
   24
   74
 1610
 1611
   74
   87
   87
 1641
   69
   87
   89
 1089
  671
   47
 1610
 1641
 1089
   47
 1089
 1635
 1089
 1618
 1597
  776
 1618
 1033
 1613
 1621
   21
 1621
 1610
 1621
   83
 1591
 1610
 1621
 1591
 1591
   26
   93
   36
 1579
 1579
 1600
 1645
  776
 1033
   29
   42
 1618
 1574
   42
 1574
 1089
 1610
 1615
   65
   26
   31
   65
   65
 1645
   93
   65
   65
 1606
 1089
 1606
 1089
   11
 1033
 1579
 1579
 1579
 1579
   78
 1623
 1591
  776
 1615
 1623
  776
 1594
 1582
   83
 1562
   21
 1626
   87
 1646
 1606
 1245
    8
  776
   36
  776
 1245
 1569
   36
 1245
 1245
 1628
   21
   42
 1638
   15
   29
  413
  620
  671
 1574
  413
   78
   62
   62
 1577
   24
  776
 1613
   24
  571
 1613
   69
 1600
 1631
 1582
 1600
  413
 1600
    8
  620
  620
 1192
    8
 1572
 1635
 1607
  518
 1606
   31
 1613
   31
  776
   55
    8
 1582
   11
   65
   52
   52
 1594
   42
   57
   89
  620
 1628
 1621
 1638
 1613
   47
 1613
   33
   65
   36
 1033
  518
 1033
   59
   59
   31
 1618
   15
 1591
  980
   33
   45
   31
 1600
   62
 1582
 1600
  571
  571
 1641
 1586
   87
 1582
 1613
   20
   57
   20
   59
  929
   20
 1628
 1089
 1628
 1628
  571
   59
 1628
  571
 1618
 1628
 1618
 1632
   36
 1632
  365
   96
   42
 1628
   83
   36
   78
 1582
  671
 1569
   26
 1613
  571
 1566
   55
 1569
   69
   55
 1626
   69
 1600
 1618
  775
  571
   11
   42
   52
 1350
   78
 1591
  571
 1647
   89
   59
 1569
 1572
  776
   59
 1569
   91
 1621
 1569
 1591
   87
  571
   74
  571
 1638
 1582
  775
   62
 1626
 1618
   74
  571
 1628
   83
 1606
   59
 1626
 1618
   47
 1618
 1569
 1618
   69
 1618
   62
 1618
   78
   62
   74
 1618
 1618
 1089
 1569
 1569
   33
   33
 1604
   31
   65
   69
 1569
   31
   31
   73
   59
 1192
 1641
 1192
 1641
 1618
 1618
   69
   69
 1632
   74
 1588
 1566
 1566
   78
   78
 1574
 1574
   91
 1638
 1638
 1641
   26
 1192
 1566
 1192
   78
   78
   69
   78
   78
   78
   78
   78
   78
   78
 1562
   74
 1579
 1582
 1628
   26
 1579
   21
   21
 1579
   24
 1579
 1577
   17
   52
   52
   17
   52
   36
 1606
   36
 1588
   36
 1588
 1613
   83
 1613
 1621
 1621
   55
   62
   17
   17
   62
   17
 1594
 1594
   83
   83
   59
   52
   52
   52
 1033
 1621
   40
 1089
  776
 1089
 1638
 1033
 1033
 1606
 1606
 1638
 1606
   47
   52
   36
  620
   36
 1588
   17
   36
   38
  518
   59
   65
 1638
 1628
  775
 1089
 1638
  365
 1628
 1582
   69
 1618
   42
   59
   59
   59
   42
   42
   83
   21
   69
 1647
   93
   21
 1582
   21
 1646
   65
   87
   15
   93
 1646
   93
   21
   31
 1569
   93
   40
  776
 1618
  776
  776
  775
 1033
 1626
 1577
   78
  620
 1618
 1638
  518
 1192
 1628
   15
  571
 1588
   47
   47
   21
 1610
   47
   21
 1569
 1579
 1635
   36
   36
   26
   42
   26
   42
 1613
 1089
 1626
  620
 1632
 1607
 1579
  518
 1577
   33
 1591
   33
 1569
 1569
 1582
   42
 1582
   42
 1618
 1569
   42
   74
  518
  518
 1569
  518
   62
   62
 1632
   62
 1628
 1613
   33
   26
   87
  620
   74
   52
   78
  518
 1645
 1618
 1628
 1645
   59
 1033
 1600
 1600
 1600
 1600
 1600
 1600
 1033
 1623
 1600
 1600
   89
 1600
 1579
   87
   29
   36
 1582
   69
   62
   62
  776
   47
   47
   52
   47
 1600
   45
   26
   26
 1628
   26
 1628
   42
 1089
 1579
   15
   42
   83
  571
   78
 1613
   69
 1033
   42
 1638
 1638
 1626
   59
 1600
 1569
   69
 1569
   15
 1628
   89
 1579
 1628
 1628
 1628
  775
 1613
 1569
 1613
 1613
 1607
 1579
   26
 1628
   47
 1577
 1613
 1613
   59
 1600
 1613
   62
 1600
 1033
   62
   21
   62
 1089
   21
 1089
 1628
 1632
 1632
   33
   83
   83
 1606
 1594
   59
 1594
 1594
 1594
 1594
 1594
 1628
 1628
   21
 1628
   47
   21
   47
   47
   52
 1638
 1613
 1628
 1613
 1613
 1613
   69
   69
   15
   69
   11
   11
   69
   11
   69
   69
   42
   74
   78
 1569
   74
  671
   62
   78
 1600
 1600
   11
   74
 1089
 1579
   87
  571
 1618
 1577
   78
  775
  620
   83
  776
   33
 1579
 1569
 1618
   83
 1618
 1618
 1618
 1628
 1638
 1618
   31
   33
   69
 1594
   31
 1618
 1618
 1613
   15
 1588
 1569
 1647
   52
   52
   52
   47
 1582
   33
   52
   33
 1582
 1582
   15
   15
   15
   15
   15
 1618
   15
   65
   62
   15
   62
   15
   15
   26
 1610
   26
 1588
 1588
 1588
   74
 1626
 1600
 1600
 1600
   21
 1600
   42
 1594
 1600
   59
   62
 1600
   62
 1600
 1600
 1600
 1600
   65
   69
   65
   11
   21
   47
   26
 1582
  775
 1582
   47
   65
   65
 1033
 1033
   21
 1577
 1606
 1577
 1600
 1577
 1606
 1600
 1638
 1577
  775
 1606
   74
   74
 1577
 1626
 1638
  775
   31
 1606
 1569
 1632
 1621
 1632
   78
   26
   69
   26
   78
   21
   42
 1618
   21
   42
   59
   89
 1632
 1632
 1569
 1594
 1569
   21
   83
   21
 1579
   65
   15
   52
   52
 1579
   36
   42
 1613
 1582
   83
   15
   69
 1579
   52
 1579
 1350
 1577
 1610
 1591
 1579
 1582
 1582
 1582
   78
 1618
 1600
 1618
 1600
   26
 1606
 1600
   15
   65
   15
 1638
 1033
 1618
 1033
 1637
 1632
   59
 1033
   83
 1588
 1638
 1594
   11
 1033
 1588
   87
  775
   78
 1638
   74
 1606
   74
   15
   15
 1089
   33
 1089
   33
   26
   26
   52
   26
 1628
   26
 1638
 1638
   59
  776
  776
 1594
 1569
   69
 1594
 1591
 1600
 1621
 1626
   65
 1632
  775
 1632
   26
   52
  776
   52
   47
   47
  776
 1569
 1089
   21
   21
 1626
 1618
   83
   47
   74
 1577
   59
 1613
 1613
 1638
 1613
 1613
 1613
 1588
   42
 1610
 1632
 1632
  775
 1606
 1594
  775
 1606
   52
   52
   83
 1606
 1628
 1618
   83
 1628
   42
  775
 1638
   47
   47
   47
   47
   47
 1569
 1600
   69
   83
   33
   21
   33
   78
   33
   78
   33
 1594
 1638
   78
 1638
 1594
 1638
 1638
 1638
 1606
 1638
   65
 1594
   59
 1600
   59
   59
  775
   42
 1033
   83
 1613
 1628
  776
   36
   21
   65
 1613
 1628
   74
  776
 1613
   59
 1632
   59
   65
   21
   15
   21
 1591
 1600
  776
 1600
   15
 1638
 1577
  775
   59
   59
   78
   59
 1579
 1579
 1579
   59
 1579
 1613
 1606
 1579
 1626
 1626
   42
 1588
 1591
 1588
   36
   15
 1569
   78
 1569
 1588
 1588
   89
   33
   33
   33
   33
   33
   33
   33
 1638
   36
   33
   21
   11
 1606
   11
   59
   33
 1594
   33
 1628
 1628
 1628
 1628
 1628
 1628
   47
   33
   33
   33
   21
   83
 1628
   52
 1613
   26
   26
 1582
 1582
 1600
 1600
 1610
   62
   62
 1628
  776
   59
 1628
   69
 1628
   69
   69
 1618
 1606
   26
  775
  775
   47
 1588
   47
 1591
   33
   59
   59
   83
 1033
   21
   21
   42
   26
   26
   47
 1632
   47
   47
   59
   52
   52
   52
   78
   78
 1588
   47
 1588
 1588
 1588
 1588
   47
 1588
   21
 1582
   47
 1582
 1618
   47
 1618
 1618
   89
   65
   52
   21
   21
 1628
   59
   59
   59
   21
  775
   87
   52
  776
 1628
   21
   15
   21
   21
   15
 1569
  775
  775
  776
   50
   42
 1628
 1613
 1600
 1600
 1600
 1600
 1600
 1600
 1600
 1588
 1591
 1591
 1582
 1582
 1582
 1613
 1582
 1610
   78
   69
   69
   69
   69
   69
   69
 1594
 1610
 1610
 1610
   83
   74
   47
 1606
 1626
  776
   26
 1618
  776
 1628
 1613
   74
 1594
 1613
 1594
 1569
   57
 1610
  775
 1638
 1638
   42
   15
   21
 1613
   59
 1606
 1600
 1600
 1588
   21
  775
 1600
   78
 1588
 1588
 1588
 1588
 1600
 1600
 1600
 1610
 1610
   21
 1638
   47
   83
  776
 1618
   62
 1618
   87
   87
   33
   87
 1588
 1569
 1033
 1610
   52
   17
   17
 1600
  775
  776
 1606
 1588
   69
  775
 1606
   69
  775
   47
   31
 1033
 1033
   26
   47
 1600
 1600
   69
 1606
 1606
   65
 1606
 1033
   59
   59
 1577
 1569
   59
   59
